360 248 517 304
360 592 272 316
360 509 401 314
360 779 196 305
360 185 443 317
360 125 347 319
360 137 188 306
360 353 105 312
360 764 93 323
360 144 434 320
360 281 171 309
360 628 137 300
360 275 558 303
360 635 450 313
360 862 318 322
360 473 552 318
360 702 518 310
360 834 557 299
360 432 384 311
360 5 170 324
360 805 493 321
360 587 420 315
360 149 161 302
360 406 607 25
360 558 508 26
360 419 457 114
360 372 488 101
360 387 292 107
360 790 186 122
360 401 423 132
360 557 240 123
360 982 182 105
360 418 302 91
360 226 480 109
360 758 308 78
360 825 440 92
360 415 233 74
360 202 406 57
361 236 537 304
361 571 282 316
361 267 635 325
361 531 391 314
361 785 173 305
361 183 419 317
361 8 212 326
361 128 370 319
361 125 208 306
361 329 106 312
361 750 104 323
361 145 410 320
361 305 169 309
361 652 136 300
361 265 573 303
361 612 454 313
361 842 331 322
361 497 550 318
361 710 496 310
361 851 571 299
361 455 391 311
361 29 171 324
361 790 476 321
361 564 414 315
361 133 146 302
361 408 583 25
361 582 506 26
361 395 455 114
361 368 512 101
361 373 311 107
361 766 186 122
361 412 402 132
361 581 239 123
361 442 300 91
361 228 456 109
361 778 322 78
361 810 422 92
361 391 231 74
361 197 429 57
362 223 558 304
362 549 293 316
362 273 612 325
362 553 381 314
362 791 150 305
362 180 395 317
362 31 219 326
362 131 394 319
362 114 229 306
362 305 108 312
362 726 105 323
362 147 387 320
362 329 167 309
362 676 134 300
362 265 597 303
362 588 457 313
362 822 344 322
362 521 547 318
362 718 473 310
362 853 594 299
362 478 397 311
362 53 171 324
362 769 467 321
362 541 407 315
362 109 145 302
362 410 559 25
362 606 504 26
362 373 455 114
362 363 536 101
362 359 331 107
362 742 185 122
362 423 381 132
362 604 238 123
362 466 298 91
362 231 432 109
362 795 336 78
362 794 404 92
362 367 230 74
362 191 452 57
363 211 579 304
363 527 303 316
363 280 589 325
363 575 371 314
363 797 126 305
363 178 371 317
363 54 226 326
363 134 418 319
363 102 250 306
363 281 109 312
363 702 106 323
363 154 364 320
363 353 166 309
363 700 133 300
363 265 621 303
363 564 460 313
363 802 357 322
363 545 545 318
363 726 450 310
363 853 618 299
363 501 404 311
363 77 172 324
363 746 460 321
363 518 400 315
363 85 143 302
363 423 547 25
363 630 502 26
363 360 475 114
363 359 559 101
363 344 350 107
363 718 184 122
363 435 360 132
363 628 236 123
363 490 297 91
363 234 408 109
363 795 360 78
363 778 386 92
363 343 229 74
363 186 476 57
364 199 599 304
364 505 313 316
364 286 565 325
364 596 361 314
364 803 103 305
364 175 348 317
364 77 232 326
364 136 442 319
364 90 271 306
364 257 110 312
364 678 108 323
364 161 341 320
364 377 164 309
364 723 131 300
364 540 463 313
364 794 377 322
364 569 542 318
364 733 427 310
364 524 411 311
364 95 183 324
364 723 454 321
364 495 393 315
364 61 142 302
364 447 545 25
364 654 500 26
364 347 495 114
364 355 583 101
364 330 369 107
364 694 184 122
364 446 338 132
364 652 235 123
364 513 295 91
364 237 384 109
364 796 384 78
364 763 367 92
364 319 228 74
364 180 499 57
365 187 620 304
365 484 323 316
365 298 548 325
365 618 351 314
365 809 80 305
365 173 324 317
365 96 240 326
365 139 466 319
365 79 292 306
365 233 111 312
365 654 109 323
365 168 318 320
365 400 163 309
365 747 129 300
365 517 467 313
365 790 401 322
365 593 540 318
365 746 409 310
365 547 418 311
365 111 201 324
365 700 447 321
365 472 386 315
365 37 140 302
365 471 543 25
365 677 500 26
365 334 515 114
365 351 606 101
365 324 391 107
365 670 183 122
365 457 317 132
365 676 233 123
365 537 293 91
365 239 361 109
365 796 408 78
365 747 349 92
365 295 226 74
365 175 523 57
366 462 333 316
366 320 538 325
366 633 335 314
366 815 57 305
366 170 300 317
366 99 264 326
366 144 488 319
366 72 314 306
366 213 117 312
366 630 110 323
366 175 295 320
366 424 161 309
366 750 108 300
366 493 470 313
366 786 424 322
366 617 538 318
366 762 392 310
366 570 424 311
366 127 218 324
366 677 440 321
366 449 380 315
366 13 139 302
366 495 541 25
366 698 511 26
366 321 535 114
366 352 630 101
366 320 415 107
366 646 182 122
366 468 297 132
366 700 232 123
366 561 291 91
366 242 337 109
366 797 432 78
366 731 331 92
366 272 225 74
366 169 546 57
367 440 343 316
367 342 528 325
367 643 313 314
367 816 34 305
367 168 276 317
367 102 288 326
367 161 504 319
367 72 338 306
367 201 138 312
367 607 111 323
367 182 273 320
367 448 159 309
367 751 84 300
367 469 473 313
367 782 448 322
367 988 245 327
367 640 535 318
367 779 375 310
367 593 431 311
367 143 236 324
367 654 433 321
367 426 373 315
367 519 539 25
367 720 522 26
367 318 558 114
367 316 438 107
367 622 181 122
367 483 278 132
367 724 230 123
367 585 289 91
367 245 313 109
367 797 456 78
367 716 313 92
367 249 225 74
367 164 569 57
368 418 353 316
368 363 517 325
368 654 291 314
368 817 10 305
368 163 253 317
368 356 631 328
368 104 312 326
368 179 519 319
368 71 362 306
368 190 159 312
368 583 112 323
368 190 250 320
368 472 158 309
368 752 60 300
368 445 477 313
368 777 472 322
368 964 247 327
368 664 533 318
368 796 357 310
368 616 438 311
368 160 254 324
368 631 426 321
368 403 366 315
368 543 537 25
368 741 533 26
368 783 634 137
368 315 582 114
368 311 462 107
368 598 181 122
368 498 259 132
368 748 229 123
368 609 288 91
368 266 308 109
368 798 480 78
368 843 631 111
368 700 294 92
368 243 248 74
368 159 593 57
369 397 364 316
369 744 21 329
369 385 507 325
369 664 270 314
369 147 238 317
369 340 615 328
369 107 336 326
369 197 535 319
369 71 386 306
369 178 180 312
369 559 114 323
369 197 227 320
369 496 156 309
369 752 36 300
369 421 480 313
369 769 490 322
369 940 248 327
369 688 530 318
369 813 340 310
369 639 445 311
369 176 271 324
369 608 420 321
369 380 359 315
369 567 535 25
369 760 544 26
369 776 614 137
369 313 606 114
369 307 485 107
369 574 180 122
369 512 240 132
369 772 228 123
369 633 286 91
369 290 306 109
369 798 504 78
369 843 607 111
369 685 276 92
369 237 271 74
369 153 616 57
370 375 374 316
370 740 44 329
370 407 497 325
370 674 248 314
370 127 226 317
370 322 599 328
370 110 360 326
370 214 549 319
370 71 410 306
370 166 201 312
370 535 115 323
370 204 204 320
370 520 154 309
370 753 12 300
370 398 483 313
370 745 494 322
370 916 250 327
370 712 528 318
370 830 323 310
370 656 458 311
370 192 289 324
370 585 413 321
370 357 352 315
370 591 534 25
370 760 568 26
370 761 595 137
370 310 630 114
370 303 509 107
370 550 179 122
370 526 222 132
370 796 226 123
370 657 284 91
370 314 305 109
370 798 528 78
370 843 583 111
370 672 265 92
370 232 295 74
370 152 639 57
371 353 384 316
371 736 68 329
371 429 487 325
371 685 227 314
371 106 213 317
371 305 583 328
371 112 384 326
371 235 561 319
371 71 434 306
371 155 222 312
371 511 116 323
371 91 621 330
371 211 181 320
371 544 153 309
371 374 487 313
371 721 497 322
371 894 254 327
371 735 525 318
371 847 309 310
371 675 473 311
371 209 306 324
371 562 406 321
371 338 343 315
371 885 624 331
371 615 532 25
371 760 592 26
371 746 576 137
371 299 533 107
371 529 187 122
371 550 220 132
371 820 225 123
371 677 294 91
371 338 303 109
371 799 552 78
371 843 559 111
371 652 258 92
371 226 318 74
372 331 394 316
372 731 91 329
372 450 477 325
372 695 205 314
372 86 201 317
372 287 566 328
372 115 407 326
372 257 572 319
372 71 458 306
372 143 243 312
372 487 117 323
372 91 597 330
372 219 159 320
372 568 151 309
372 350 490 313
372 698 500 322
372 874 267 327
372 743 503 318
372 871 307 310
372 693 489 311
372 225 324 324
372 539 399 321
372 322 326 315
372 869 606 331
372 639 530 25
372 760 616 26
372 731 557 137
372 295 556 107
372 510 200 122
372 988 145 140
372 574 219 132
372 844 223 123
372 697 307 91
372 362 301 109
372 160 620 124
372 799 576 78
372 843 535 111
372 628 258 92
372 221 341 74
373 310 404 316
373 725 114 329
373 472 467 325
373 705 184 314
373 65 188 317
373 269 554 328
373 118 431 326
373 278 584 319
373 71 482 306
373 131 264 312
373 463 118 323
373 92 573 330
373 243 157 320
373 592 149 309
373 326 493 313
373 674 504 322
373 853 280 327
373 751 480 318
373 895 305 310
373 243 628 332
373 712 504 311
373 241 342 324
373 516 392 321
373 306 308 315
373 853 588 331
373 663 528 25
373 716 538 137
373 292 579 107
373 490 214 122
373 964 143 140
373 598 217 132
373 868 222 123
373 717 321 91
373 386 299 109
373 162 596 124
373 800 600 78
373 843 511 111
373 604 257 92
373 215 365 74
374 288 414 316
374 719 137 329
374 494 457 325
374 711 161 314
374 46 176 317
374 248 541 328
374 121 455 326
374 295 597 319
374 70 506 306
374 120 285 312
374 439 120 323
374 93 549 330
374 267 156 320
374 616 148 309
374 303 497 313
374 650 507 322
374 833 293 327
374 759 457 318
374 919 303 310
374 253 614 332
374 730 520 311
374 258 359 324
374 493 386 321
374 290 290 315
374 838 570 331
374 687 526 25
374 701 520 137
374 293 603 107
374 470 227 122
374 941 142 140
374 622 216 132
374 891 221 123
374 736 334 91
374 409 297 109
374 165 572 124
374 800 624 78
374 843 487 111
374 580 257 92
374 210 388 74
375 272 430 316
375 713 160 329
375 516 447 325
375 716 137 314
375 23 173 317
375 228 528 328
375 125 478 326
375 299 621 319
375 70 530 306
375 108 306 312
375 415 121 323
375 756 13 333
375 94 525 330
375 291 154 320
375 640 146 309
375 279 500 313
375 626 510 322
375 813 306 327
375 766 435 318
375 943 301 310
375 277 612 332
375 748 535 311
375 273 375 324
375 470 379 321
375 273 272 315
375 822 551 331
375 708 535 25
375 681 512 137
375 293 627 107
375 450 241 122
375 917 141 140
375 371 626 151
375 646 214 132
375 915 223 123
375 756 348 91
375 433 296 109
375 168 548 124
375 843 463 111
375 556 256 92
375 204 412 74
376 260 451 316
376 707 184 329
376 238 626 334
376 537 436 325
376 722 114 314
376 208 516 328
376 140 495 326
376 70 554 306
376 96 327 312
376 391 122 323
376 757 37 333
376 94 501 330
376 314 153 320
376 664 145 309
376 255 503 313
376 602 513 322
376 793 319 327
376 774 412 318
376 967 300 310
376 301 609 332
376 767 551 311
376 296 381 324
376 10 111 335
376 447 372 321
376 257 254 315
376 807 533 331
376 729 546 25
376 657 510 137
376 435 258 122
376 893 141 140
376 372 602 151
376 670 213 132
376 939 224 123
376 776 362 91
376 457 294 109
376 171 524 124
376 843 439 111
376 532 255 92
376 199 435 74
377 248 471 316
377 701 207 329
377 245 603 334
377 559 426 325
377 728 91 314
377 197 499 328
377 158 510 326
377 70 578 306
377 87 347 312
377 367 123 323
377 758 60 333
377 95 477 330
377 338 151 320
377 688 143 309
377 231 506 313
377 579 517 322
377 773 332 327
377 783 391 318
377 991 298 310
377 325 607 332
377 785 566 311
377 319 388 324
377 34 112 335
377 424 365 321
377 241 236 315
377 791 515 331
377 750 557 25
377 633 507 137
377 421 277 122
377 869 140 140
377 374 578 151
377 694 212 132
377 963 225 123
377 796 375 91
377 481 292 109
377 173 501 124
377 843 415 111
377 508 255 92
377 193 458 74
378 236 492 316
378 695 230 329
378 251 580 334
378 581 416 325
378 734 68 314
378 194 475 328
378 176 526 326
378 70 602 306
378 87 371 312
378 343 124 323
378 735 63 333
378 96 453 330
378 362 149 320
378 712 141 309
378 226 526 313
378 555 520 322
378 753 345 327
378 800 374 318
378 349 605 332
378 796 583 311
378 342 395 324
378 58 113 335
378 401 358 321
378 225 218 315
378 776 497 331
378 772 568 25
378 609 504 137
378 406 297 122
378 845 139 140
378 375 554 151
378 718 210 132
378 987 227 123
378 812 390 91
378 505 290 109
378 176 477 124
378 843 391 111
378 484 254 92
378 188 482 74
379 224 513 316
379 678 243 329
379 719 21 336
379 263 563 334
379 603 406 325
379 740 44 314
379 192 451 328
379 364 626 337
379 194 541 326
379 70 626 306
379 87 395 312
379 319 126 323
379 711 65 333
379 96 429 330
379 386 148 320
379 736 140 309
379 226 550 313
379 531 523 322
379 740 362 327
379 816 357 318
379 373 602 332
379 797 607 311
379 365 402 324
379 82 113 335
379 381 351 321
379 209 201 315
379 755 489 331
379 776 589 25
379 586 501 137
379 803 636 28
379 392 316 122
379 821 139 140
379 377 530 151
379 742 209 132
379 812 414 91
379 529 289 109
379 179 453 124
379 839 369 111
379 460 254 92
379 183 505 74
380 211 533 316
380 656 253 329
380 715 45 336
380 285 552 334
380 624 396 325
380 746 21 314
380 189 427 328
380 351 609 337
380 213 552 326
380 87 419 312
380 295 127 323
380 687 66 333
380 97 405 330
380 410 146 320
380 760 138 309
380 226 574 313
380 507 527 322
380 735 385 327
380 833 340 318
380 397 600 332
380 797 631 311
380 388 408 324
380 100 125 335
380 365 333 321
380 193 183 315
380 732 483 331
380 776 613 25
380 562 498 137
380 805 613 28
380 378 335 122
380 797 138 140
380 378 506 151
380 766 207 132
380 813 438 91
380 553 287 109
380 182 429 124
380 823 351 111
380 436 253 92
380 177 528 74
381 204 554 316
381 635 263 329
381 711 69 336
381 307 542 334
381 646 386 325
381 187 403 328
381 333 593 337
381 234 564 326
381 86 443 312
381 271 128 323
381 663 67 333
381 102 383 330
381 434 144 320
381 784 136 309
381 226 598 313
381 484 530 322
381 731 409 327
381 850 323 318
381 421 597 332
381 411 415 324
381 116 142 335
381 349 315 321
381 177 165 315
381 709 476 331
381 776 637 25
381 538 496 137
381 790 594 28
381 363 354 122
381 773 137 140
381 380 483 151
381 790 206 132
381 813 462 91
381 577 285 109
381 184 405 124
381 808 333 111
381 412 253 92
381 172 552 74
382 202 578 316
382 613 273 329
382 707 92 336
382 328 532 334
382 668 376 325
382 184 380 328
382 316 576 337
382 256 575 326
382 86 467 312
382 247 129 323
382 639 68 333
382 110 360 330
382 458 143 320
382 787 114 309
382 226 622 313
382 460 533 322
382 727 432 327
382 867 305 318
382 444 595 332
382 435 422 324
382 132 160 335
382 333 297 321
382 161 147 315
382 686 469 331
382 514 493 137
382 776 575 28
382 349 373 122
382 749 137 140
382 391 462 151
382 814 204 132
382 814 486 91
382 601 283 109
382 187 381 124
382 792 314 111
382 388 252 92
382 166 575 74
383 200 602 316
383 591 284 329
383 703 116 336
383 350 522 334
383 688 365 325
383 182 356 328
383 298 560 337
383 276 587 326
383 86 491 312
383 223 131 323
383 615 70 333
383 117 337 330
383 482 141 320
383 787 90 309
383 436 537 322
383 723 456 327
383 884 288 318
383 468 592 332
383 458 429 324
383 148 177 335
383 317 279 321
383 145 133 315
383 663 462 331
383 490 490 137
383 761 556 28
383 334 393 122
383 725 136 140
383 403 441 151
383 838 203 132
383 814 510 91
383 625 281 109
383 190 358 124
383 777 296 111
383 364 251 92
383 161 598 74
384 199 626 316
384 569 294 329
384 699 139 336
384 372 512 334
384 699 344 325
384 179 332 328
384 280 547 337
384 281 610 326
384 86 515 312
384 202 136 323
384 591 71 333
384 124 315 330
384 506 139 320
384 788 66 309
384 412 540 322
384 718 480 327
384 906 284 318
384 236 628 338
384 492 590 332
384 481 435 324
384 165 195 335
384 301 261 321
384 121 131 315
384 640 455 331
384 466 487 137
384 746 537 28
384 328 414 122
384 701 135 140
384 414 420 151
384 861 202 132
384 814 534 91
384 647 284 109
384 193 334 124
384 761 278 111
384 340 251 92
384 155 622 74
385 548 304 329
385 693 162 336
385 394 502 334
385 709 322 325
385 177 308 328
385 260 534 337
385 1 209 339
385 285 633 326
385 86 539 312
385 190 157 323
385 567 72 333
385 131 292 330
385 530 138 320
385 788 43 309
385 388 543 322
385 697 485 327
385 929 282 318
385 235 604 338
385 516 588 332
385 504 442 324
385 181 213 335
385 9 136 340
385 285 244 321
385 97 130 315
385 617 449 331
385 443 484 137
385 731 519 28
385 324 438 122
385 677 135 140
385 425 399 151
385 885 203 132
385 815 558 91
385 666 298 109
385 195 310 124
385 745 260 111
385 316 250 92
386 526 314 329
386 687 185 336
386 415 492 334
386 719 300 325
386 174 284 328
386 240 522 337
386 25 215 339
386 86 563 312
386 179 178 323
386 543 73 333
386 138 269 330
386 554 136 320
386 789 19 309
386 365 547 322
386 673 489 327
386 953 280 318
386 235 580 338
386 540 585 332
386 527 449 324
386 197 230 335
386 33 136 340
386 269 226 321
386 73 128 315
386 594 442 331
386 365 633 56
386 419 482 137
386 715 502 28
386 319 461 122
386 653 134 140
386 437 378 151
386 909 204 132
386 815 582 91
386 686 311 109
386 198 286 124
386 857 625 127
386 730 242 111
386 292 250 92
387 504 324 329
387 681 208 336
387 437 482 334
387 730 279 325
387 170 262 328
387 219 509 337
387 48 222 339
387 85 587 312
387 167 198 323
387 520 74 333
387 146 246 330
387 578 135 320
387 341 550 322
387 650 492 327
387 977 238 341
387 977 278 318
387 240 560 338
387 564 583 332
387 550 456 324
387 214 248 335
387 57 137 340
387 252 208 321
387 49 126 315
387 571 435 331
387 367 609 56
387 395 479 137
387 692 500 28
387 315 485 122
387 629 133 140
387 448 356 151
387 933 206 132
387 816 606 91
387 706 325 109
387 201 262 124
387 857 601 127
387 714 223 111
387 268 249 92
388 482 334 329
388 675 232 336
388 459 471 334
388 740 257 325
388 156 245 328
388 205 494 337
388 71 228 339
388 85 611 312
388 155 219 323
388 496 76 333
388 153 223 330
388 602 133 320
388 317 553 322
388 626 495 327
388 953 239 341
388 264 558 338
388 588 580 332
388 573 462 324
388 230 266 335
388 79 137 340
388 236 190 321
388 25 125 315
388 548 428 331
388 369 585 56
388 374 482 137
388 668 497 28
388 311 509 122
388 605 132 140
388 997 211 155
388 459 335 151
388 957 207 132
388 816 630 91
388 726 339 109
388 208 243 124
388 857 577 127
388 699 205 111
388 244 249 92
389 460 344 329
389 669 255 336
389 481 461 334
389 751 235 325
389 136 232 328
389 202 470 337
389 94 235 339
389 85 635 312
389 144 240 323
389 472 77 333
389 160 200 330
389 626 131 320
389 293 556 322
389 602 499 327
389 929 241 341
389 287 556 338
389 612 578 332
389 596 469 324
389 246 283 335
389 96 154 340
389 220 172 321
389 1 123 315
389 525 421 331
389 375 565 56
389 361 502 137
389 644 494 28
389 307 532 122
389 586 145 140
389 973 209 155
389 472 316 151
389 981 208 132
389 746 352 109
389 232 242 124
389 857 553 127
389 677 201 111
389 227 258 92
390 439 354 329
390 663 278 336
390 224 638 342
390 502 451 334
390 761 214 325
390 115 220 328
390 200 446 337
390 117 242 339
390 132 261 323
390 448 78 333
390 167 177 330
390 650 130 320
390 270 560 322
390 578 502 327
390 905 242 341
390 311 553 338
390 635 575 332
390 619 476 324
390 263 301 335
390 112 172 340
390 204 154 321
390 502 415 331
390 398 563 56
390 348 522 137
390 620 491 28
390 303 556 122
390 566 159 140
390 950 208 155
390 487 297 151
390 765 366 109
390 256 240 124
390 857 529 127
390 653 199 111
390 222 281 92
391 417 364 329
391 652 296 336
391 759 1 343
391 230 615 342
391 524 441 334
391 768 192 325
391 95 207 328
391 197 423 337
391 126 259 339
391 120 282 323
391 424 79 333
391 185 168 330
391 674 128 320
391 267 582 322
391 555 505 327
391 883 246 341
391 335 551 338
391 659 573 332
391 642 483 324
391 278 316 335
391 128 189 340
391 188 138 321
391 478 408 331
391 422 562 56
391 335 542 137
391 596 488 28
391 298 580 122
391 546 172 140
391 926 207 155
391 379 630 165
391 501 278 151
391 785 379 109
391 280 238 124
391 857 505 127
391 629 198 111
391 216 304 92
392 395 374 329
392 631 307 336
392 755 24 343
392 236 592 342
392 546 431 334
392 774 169 325
392 74 195 328
392 195 399 337
392 128 283 339
392 109 303 323
392 400 81 333
392 209 167 330
392 698 126 320
392 267 606 322
392 531 508 327
392 863 259 341
392 359 548 338
392 683 571 332
392 665 489 324
392 301 323 335
392 145 207 340
392 165 136 321
392 455 401 331
392 446 560 56
392 323 562 137
392 572 486 28
392 296 602 122
392 526 185 140
392 902 206 155
392 380 606 165
392 516 259 151
392 790 400 109
392 304 236 124
392 857 481 127
392 605 197 111
392 211 328 92
393 373 385 329
393 609 317 336
393 751 48 343
393 243 569 342
393 568 421 334
393 780 145 325
393 55 183 328
393 192 375 337
393 131 307 339
393 97 324 323
393 376 82 333
393 233 165 330
393 722 125 320
393 267 630 322
393 507 512 327
393 843 272 341
393 383 546 338
393 707 568 332
393 684 499 324
393 324 330 335
393 161 225 340
393 141 135 321
393 432 394 331
393 470 558 56
393 320 585 137
393 549 483 28
393 296 626 122
393 508 199 140
393 878 205 155
393 382 582 165
393 535 251 151
393 791 424 109
393 328 234 124
393 151 619 143
393 857 457 127
393 581 196 111
393 205 351 92
394 352 395 329
394 587 327 336
394 747 72 343
394 249 546 342
394 589 411 334
394 786 122 325
394 32 179 328
394 190 351 337
394 134 330 339
394 85 345 323
394 352 83 333
394 763 20 344
394 257 163 330
394 745 123 320
394 483 515 327
394 822 285 341
394 407 543 338
394 721 555 332
394 702 515 324
394 347 336 335
394 177 242 340
394 117 133 321
394 409 388 331
394 494 556 56
394 318 609 137
394 525 480 28
394 493 218 140
394 854 205 155
394 383 558 165
394 559 249 151
394 791 448 109
394 352 233 124
394 154 595 143
394 857 433 127
394 557 194 111
394 200 374 92
395 330 405 329
395 565 337 336
395 743 95 343
395 257 525 342
395 611 400 334
395 792 99 325
395 8 177 328
395 187 327 337
395 136 354 339
395 76 366 323
395 328 84 333
395 764 44 344
395 281 162 330
395 769 121 320
395 459 518 327
395 802 298 341
395 431 541 338
395 729 532 332
395 721 530 324
395 370 343 335
395 194 260 340
395 93 132 321
395 386 381 331
395 518 554 56
395 315 633 137
395 501 477 28
395 479 238 140
395 830 204 155
395 385 534 165
395 583 248 151
395 792 472 109
395 376 231 124
395 157 571 143
395 857 409 127
395 533 193 111
395 194 398 92
396 308 415 329
396 544 347 336
396 739 118 343
396 278 514 342
396 633 390 334
396 798 76 325
396 185 303 337
396 139 378 339
396 75 390 323
396 304 86 333
396 755 60 344
396 305 160 330
396 793 120 320
396 436 522 327
396 782 311 341
396 455 539 338
396 737 509 332
396 739 546 324
396 394 350 335
396 210 277 340
396 69 130 321
396 367 372 331
396 542 552 56
396 477 475 28
396 465 257 140
396 806 203 155
396 386 510 165
396 607 246 151
396 792 496 109
396 400 229 124
396 159 547 143
396 857 385 127
396 509 192 111
396 189 421 92
397 293 431 329
397 522 357 336
397 733 141 343
397 300 504 342
397 653 380 334
397 803 52 325
397 182 279 337
397 142 402 339
397 75 414 323
397 280 87 333
397 731 61 344
397 92 628 345
397 329 158 330
397 810 111 320
397 412 525 327
397 762 324 341
397 478 536 338
397 745 486 332
397 758 561 324
397 417 357 335
397 226 295 340
397 45 128 321
397 851 638 346
397 351 354 331
397 566 550 56
397 453 472 28
397 450 276 140
397 782 203 155
397 388 486 165
397 631 245 151
397 792 520 109
397 424 227 124
397 162 524 143
397 850 364 127
397 485 191 111
397 183 444 92
398 280 451 329
398 500 367 336
398 727 164 343
398 322 494 342
398 664 358 334
398 809 29 325
398 179 257 337
398 338 616 347
398 3 191 348
398 144 426 339
398 75 438 323
398 256 88 333
398 707 62 344
398 92 604 345
398 353 157 330
398 811 87 320
398 388 528 327
398 742 337 341
398 502 534 338
398 752 464 332
398 776 576 324
398 440 363 335
398 243 313 340
398 21 127 321
398 836 619 346
398 335 336 331
398 590 548 56
398 401 623 66
398 429 469 28
398 436 295 140
398 758 202 155
398 398 466 165
398 655 243 151
398 793 544 109
398 448 225 124
398 165 500 143
398 835 346 127
398 461 189 111
398 178 468 92
399 268 472 329
399 478 377 336
399 721 188 343
399 344 484 342
399 674 337 334
399 812 7 325
399 168 238 337
399 333 595 347
399 26 198 348
399 147 450 339
399 75 462 323
399 232 89 333
399 684 63 344
399 93 580 345
399 376 155 330
399 812 63 320
399 364 531 327
399 727 353 341
399 997 188 349
399 526 531 338
399 760 441 332
399 794 592 324
399 463 370 335
399 259 330 340
399 820 601 346
399 319 319 331
399 614 546 56
399 403 599 66
399 769 618 27
399 406 466 28
399 422 314 140
399 734 201 155
399 409 445 165
399 679 242 151
399 793 568 109
399 472 224 124
399 168 476 143
399 819 327 127
399 437 188 111
399 175 490 92