0,360,304,-1,-1,-1,-1,1,248,517,-1
0,360,316,-1,-1,-1,-1,1,592,272,-1
0,360,314,-1,-1,-1,-1,1,509,401,-1
0,360,305,-1,-1,-1,-1,1,779,196,-1
0,360,317,-1,-1,-1,-1,1,185,443,-1
0,360,319,-1,-1,-1,-1,1,125,347,-1
0,360,306,-1,-1,-1,-1,1,137,188,-1
0,360,312,-1,-1,-1,-1,1,353,105,-1
0,360,323,-1,-1,-1,-1,1,764,93,-1
0,360,320,-1,-1,-1,-1,1,144,434,-1
0,360,309,-1,-1,-1,-1,1,281,171,-1
0,360,300,-1,-1,-1,-1,1,628,137,-1
0,360,303,-1,-1,-1,-1,1,275,558,-1
0,360,313,-1,-1,-1,-1,1,635,450,-1
0,360,322,-1,-1,-1,-1,1,862,318,-1
0,360,318,-1,-1,-1,-1,1,473,552,-1
0,360,310,-1,-1,-1,-1,1,702,518,-1
0,360,299,-1,-1,-1,-1,1,834,557,-1
0,360,311,-1,-1,-1,-1,1,432,384,-1
0,360,324,-1,-1,-1,-1,1,5,170,-1
0,360,321,-1,-1,-1,-1,1,805,493,-1
0,360,315,-1,-1,-1,-1,1,587,420,-1
0,360,302,-1,-1,-1,-1,1,149,161,-1
0,360,25,-1,-1,-1,-1,1,406,607,-1
0,360,26,-1,-1,-1,-1,1,558,508,-1
0,360,114,-1,-1,-1,-1,1,419,457,-1
0,360,101,-1,-1,-1,-1,1,372,488,-1
0,360,107,-1,-1,-1,-1,1,387,292,-1
0,360,122,-1,-1,-1,-1,1,790,186,-1
0,360,132,-1,-1,-1,-1,1,401,423,-1
0,360,123,-1,-1,-1,-1,1,557,240,-1
0,360,105,-1,-1,-1,-1,1,982,182,-1
0,360,91,-1,-1,-1,-1,1,418,302,-1
0,360,109,-1,-1,-1,-1,1,226,480,-1
0,360,78,-1,-1,-1,-1,1,758,308,-1
0,360,92,-1,-1,-1,-1,1,825,440,-1
0,360,74,-1,-1,-1,-1,1,415,233,-1
0,360,57,-1,-1,-1,-1,1,202,406,-1
0,361,304,-1,-1,-1,-1,1,236,537,-1
0,361,316,-1,-1,-1,-1,1,571,282,-1
0,361,325,-1,-1,-1,-1,1,267,635,-1
0,361,314,-1,-1,-1,-1,1,531,391,-1
0,361,305,-1,-1,-1,-1,1,785,173,-1
0,361,317,-1,-1,-1,-1,1,183,419,-1
0,361,326,-1,-1,-1,-1,1,8,212,-1
0,361,319,-1,-1,-1,-1,1,128,370,-1
0,361,306,-1,-1,-1,-1,1,125,208,-1
0,361,312,-1,-1,-1,-1,1,329,106,-1
0,361,323,-1,-1,-1,-1,1,750,104,-1
0,361,320,-1,-1,-1,-1,1,145,410,-1
0,361,309,-1,-1,-1,-1,1,305,169,-1
0,361,300,-1,-1,-1,-1,1,652,136,-1
0,361,303,-1,-1,-1,-1,1,265,573,-1
0,361,313,-1,-1,-1,-1,1,612,454,-1
0,361,322,-1,-1,-1,-1,1,842,331,-1
0,361,318,-1,-1,-1,-1,1,497,550,-1
0,361,310,-1,-1,-1,-1,1,710,496,-1
0,361,299,-1,-1,-1,-1,1,851,571,-1
0,361,311,-1,-1,-1,-1,1,455,391,-1
0,361,324,-1,-1,-1,-1,1,29,171,-1
0,361,321,-1,-1,-1,-1,1,790,476,-1
0,361,315,-1,-1,-1,-1,1,564,414,-1
0,361,302,-1,-1,-1,-1,1,133,146,-1
0,361,25,-1,-1,-1,-1,1,408,583,-1
0,361,26,-1,-1,-1,-1,1,582,506,-1
0,361,114,-1,-1,-1,-1,1,395,455,-1
0,361,101,-1,-1,-1,-1,1,368,512,-1
0,361,107,-1,-1,-1,-1,1,373,311,-1
0,361,122,-1,-1,-1,-1,1,766,186,-1
0,361,132,-1,-1,-1,-1,1,412,402,-1
0,361,123,-1,-1,-1,-1,1,581,239,-1
0,361,91,-1,-1,-1,-1,1,442,300,-1
0,361,109,-1,-1,-1,-1,1,228,456,-1
0,361,78,-1,-1,-1,-1,1,778,322,-1
0,361,92,-1,-1,-1,-1,1,810,422,-1
0,361,74,-1,-1,-1,-1,1,391,231,-1
0,361,57,-1,-1,-1,-1,1,197,429,-1
0,362,304,-1,-1,-1,-1,1,223,558,-1
0,362,316,-1,-1,-1,-1,1,549,293,-1
0,362,325,-1,-1,-1,-1,1,273,612,-1
0,362,314,-1,-1,-1,-1,1,553,381,-1
0,362,305,-1,-1,-1,-1,1,791,150,-1
0,362,317,-1,-1,-1,-1,1,180,395,-1
0,362,326,-1,-1,-1,-1,1,31,219,-1
0,362,319,-1,-1,-1,-1,1,131,394,-1
0,362,306,-1,-1,-1,-1,1,114,229,-1
0,362,312,-1,-1,-1,-1,1,305,108,-1
0,362,323,-1,-1,-1,-1,1,726,105,-1
0,362,320,-1,-1,-1,-1,1,147,387,-1
0,362,309,-1,-1,-1,-1,1,329,167,-1
0,362,300,-1,-1,-1,-1,1,676,134,-1
0,362,303,-1,-1,-1,-1,1,265,597,-1
0,362,313,-1,-1,-1,-1,1,588,457,-1
0,362,322,-1,-1,-1,-1,1,822,344,-1
0,362,318,-1,-1,-1,-1,1,521,547,-1
0,362,310,-1,-1,-1,-1,1,718,473,-1
0,362,299,-1,-1,-1,-1,1,853,594,-1
0,362,311,-1,-1,-1,-1,1,478,397,-1
0,362,324,-1,-1,-1,-1,1,53,171,-1
0,362,321,-1,-1,-1,-1,1,769,467,-1
0,362,315,-1,-1,-1,-1,1,541,407,-1
0,362,302,-1,-1,-1,-1,1,109,145,-1
0,362,25,-1,-1,-1,-1,1,410,559,-1
0,362,26,-1,-1,-1,-1,1,606,504,-1
0,362,114,-1,-1,-1,-1,1,373,455,-1
0,362,101,-1,-1,-1,-1,1,363,536,-1
0,362,107,-1,-1,-1,-1,1,359,331,-1
0,362,122,-1,-1,-1,-1,1,742,185,-1
0,362,132,-1,-1,-1,-1,1,423,381,-1
0,362,123,-1,-1,-1,-1,1,604,238,-1
0,362,91,-1,-1,-1,-1,1,466,298,-1
0,362,109,-1,-1,-1,-1,1,231,432,-1
0,362,78,-1,-1,-1,-1,1,795,336,-1
0,362,92,-1,-1,-1,-1,1,794,404,-1
0,362,74,-1,-1,-1,-1,1,367,230,-1
0,362,57,-1,-1,-1,-1,1,191,452,-1
0,363,304,-1,-1,-1,-1,1,211,579,-1
0,363,316,-1,-1,-1,-1,1,527,303,-1
0,363,325,-1,-1,-1,-1,1,280,589,-1
0,363,314,-1,-1,-1,-1,1,575,371,-1
0,363,305,-1,-1,-1,-1,1,797,126,-1
0,363,317,-1,-1,-1,-1,1,178,371,-1
0,363,326,-1,-1,-1,-1,1,54,226,-1
0,363,319,-1,-1,-1,-1,1,134,418,-1
0,363,306,-1,-1,-1,-1,1,102,250,-1
0,363,312,-1,-1,-1,-1,1,281,109,-1
0,363,323,-1,-1,-1,-1,1,702,106,-1
0,363,320,-1,-1,-1,-1,1,154,364,-1
0,363,309,-1,-1,-1,-1,1,353,166,-1
0,363,300,-1,-1,-1,-1,1,700,133,-1
0,363,303,-1,-1,-1,-1,1,265,621,-1
0,363,313,-1,-1,-1,-1,1,564,460,-1
0,363,322,-1,-1,-1,-1,1,802,357,-1
0,363,318,-1,-1,-1,-1,1,545,545,-1
0,363,310,-1,-1,-1,-1,1,726,450,-1
0,363,299,-1,-1,-1,-1,1,853,618,-1
0,363,311,-1,-1,-1,-1,1,501,404,-1
0,363,324,-1,-1,-1,-1,1,77,172,-1
0,363,321,-1,-1,-1,-1,1,746,460,-1
0,363,315,-1,-1,-1,-1,1,518,400,-1
0,363,302,-1,-1,-1,-1,1,85,143,-1
0,363,25,-1,-1,-1,-1,1,423,547,-1
0,363,26,-1,-1,-1,-1,1,630,502,-1
0,363,114,-1,-1,-1,-1,1,360,475,-1
0,363,101,-1,-1,-1,-1,1,359,559,-1
0,363,107,-1,-1,-1,-1,1,344,350,-1
0,363,122,-1,-1,-1,-1,1,718,184,-1
0,363,132,-1,-1,-1,-1,1,435,360,-1
0,363,123,-1,-1,-1,-1,1,628,236,-1
0,363,91,-1,-1,-1,-1,1,490,297,-1
0,363,109,-1,-1,-1,-1,1,234,408,-1
0,363,78,-1,-1,-1,-1,1,795,360,-1
0,363,92,-1,-1,-1,-1,1,778,386,-1
0,363,74,-1,-1,-1,-1,1,343,229,-1
0,363,57,-1,-1,-1,-1,1,186,476,-1
0,364,304,-1,-1,-1,-1,1,199,599,-1
0,364,316,-1,-1,-1,-1,1,505,313,-1
0,364,325,-1,-1,-1,-1,1,286,565,-1
0,364,314,-1,-1,-1,-1,1,596,361,-1
0,364,305,-1,-1,-1,-1,1,803,103,-1
0,364,317,-1,-1,-1,-1,1,175,348,-1
0,364,326,-1,-1,-1,-1,1,77,232,-1
0,364,319,-1,-1,-1,-1,1,136,442,-1
0,364,306,-1,-1,-1,-1,1,90,271,-1
0,364,312,-1,-1,-1,-1,1,257,110,-1
0,364,323,-1,-1,-1,-1,1,678,108,-1
0,364,320,-1,-1,-1,-1,1,161,341,-1
0,364,309,-1,-1,-1,-1,1,377,164,-1
0,364,300,-1,-1,-1,-1,1,723,131,-1
0,364,313,-1,-1,-1,-1,1,540,463,-1
0,364,322,-1,-1,-1,-1,1,794,377,-1
0,364,318,-1,-1,-1,-1,1,569,542,-1
0,364,310,-1,-1,-1,-1,1,733,427,-1
0,364,311,-1,-1,-1,-1,1,524,411,-1
0,364,324,-1,-1,-1,-1,1,95,183,-1
0,364,321,-1,-1,-1,-1,1,723,454,-1
0,364,315,-1,-1,-1,-1,1,495,393,-1
0,364,302,-1,-1,-1,-1,1,61,142,-1
0,364,25,-1,-1,-1,-1,1,447,545,-1
0,364,26,-1,-1,-1,-1,1,654,500,-1
0,364,114,-1,-1,-1,-1,1,347,495,-1
0,364,101,-1,-1,-1,-1,1,355,583,-1
0,364,107,-1,-1,-1,-1,1,330,369,-1
0,364,122,-1,-1,-1,-1,1,694,184,-1
0,364,132,-1,-1,-1,-1,1,446,338,-1
0,364,123,-1,-1,-1,-1,1,652,235,-1
0,364,91,-1,-1,-1,-1,1,513,295,-1
0,364,109,-1,-1,-1,-1,1,237,384,-1
0,364,78,-1,-1,-1,-1,1,796,384,-1
0,364,92,-1,-1,-1,-1,1,763,367,-1
0,364,74,-1,-1,-1,-1,1,319,228,-1
0,364,57,-1,-1,-1,-1,1,180,499,-1
0,365,304,-1,-1,-1,-1,1,187,620,-1
0,365,316,-1,-1,-1,-1,1,484,323,-1
0,365,325,-1,-1,-1,-1,1,298,548,-1
0,365,314,-1,-1,-1,-1,1,618,351,-1
0,365,305,-1,-1,-1,-1,1,809,80,-1
0,365,317,-1,-1,-1,-1,1,173,324,-1
0,365,326,-1,-1,-1,-1,1,96,240,-1
0,365,319,-1,-1,-1,-1,1,139,466,-1
0,365,306,-1,-1,-1,-1,1,79,292,-1
0,365,312,-1,-1,-1,-1,1,233,111,-1
0,365,323,-1,-1,-1,-1,1,654,109,-1
0,365,320,-1,-1,-1,-1,1,168,318,-1
0,365,309,-1,-1,-1,-1,1,400,163,-1
0,365,300,-1,-1,-1,-1,1,747,129,-1
0,365,313,-1,-1,-1,-1,1,517,467,-1
0,365,322,-1,-1,-1,-1,1,790,401,-1
0,365,318,-1,-1,-1,-1,1,593,540,-1
0,365,310,-1,-1,-1,-1,1,746,409,-1
0,365,311,-1,-1,-1,-1,1,547,418,-1
0,365,324,-1,-1,-1,-1,1,111,201,-1
0,365,321,-1,-1,-1,-1,1,700,447,-1
0,365,315,-1,-1,-1,-1,1,472,386,-1
0,365,302,-1,-1,-1,-1,1,37,140,-1
0,365,25,-1,-1,-1,-1,1,471,543,-1
0,365,26,-1,-1,-1,-1,1,677,500,-1
0,365,114,-1,-1,-1,-1,1,334,515,-1
0,365,101,-1,-1,-1,-1,1,351,606,-1
0,365,107,-1,-1,-1,-1,1,324,391,-1
0,365,122,-1,-1,-1,-1,1,670,183,-1
0,365,132,-1,-1,-1,-1,1,457,317,-1
0,365,123,-1,-1,-1,-1,1,676,233,-1
0,365,91,-1,-1,-1,-1,1,537,293,-1
0,365,109,-1,-1,-1,-1,1,239,361,-1
0,365,78,-1,-1,-1,-1,1,796,408,-1
0,365,92,-1,-1,-1,-1,1,747,349,-1
0,365,74,-1,-1,-1,-1,1,295,226,-1
0,365,57,-1,-1,-1,-1,1,175,523,-1
0,366,316,-1,-1,-1,-1,1,462,333,-1
0,366,325,-1,-1,-1,-1,1,320,538,-1
0,366,314,-1,-1,-1,-1,1,633,335,-1
0,366,305,-1,-1,-1,-1,1,815,57,-1
0,366,317,-1,-1,-1,-1,1,170,300,-1
0,366,326,-1,-1,-1,-1,1,99,264,-1
0,366,319,-1,-1,-1,-1,1,144,488,-1
0,366,306,-1,-1,-1,-1,1,72,314,-1
0,366,312,-1,-1,-1,-1,1,213,117,-1
0,366,323,-1,-1,-1,-1,1,630,110,-1
0,366,320,-1,-1,-1,-1,1,175,295,-1
0,366,309,-1,-1,-1,-1,1,424,161,-1
0,366,300,-1,-1,-1,-1,1,750,108,-1
0,366,313,-1,-1,-1,-1,1,493,470,-1
0,366,322,-1,-1,-1,-1,1,786,424,-1
0,366,318,-1,-1,-1,-1,1,617,538,-1
0,366,310,-1,-1,-1,-1,1,762,392,-1
0,366,311,-1,-1,-1,-1,1,570,424,-1
0,366,324,-1,-1,-1,-1,1,127,218,-1
0,366,321,-1,-1,-1,-1,1,677,440,-1
0,366,315,-1,-1,-1,-1,1,449,380,-1
0,366,302,-1,-1,-1,-1,1,13,139,-1
0,366,25,-1,-1,-1,-1,1,495,541,-1
0,366,26,-1,-1,-1,-1,1,698,511,-1
0,366,114,-1,-1,-1,-1,1,321,535,-1
0,366,101,-1,-1,-1,-1,1,352,630,-1
0,366,107,-1,-1,-1,-1,1,320,415,-1
0,366,122,-1,-1,-1,-1,1,646,182,-1
0,366,132,-1,-1,-1,-1,1,468,297,-1
0,366,123,-1,-1,-1,-1,1,700,232,-1
0,366,91,-1,-1,-1,-1,1,561,291,-1
0,366,109,-1,-1,-1,-1,1,242,337,-1
0,366,78,-1,-1,-1,-1,1,797,432,-1
0,366,92,-1,-1,-1,-1,1,731,331,-1
0,366,74,-1,-1,-1,-1,1,272,225,-1
0,366,57,-1,-1,-1,-1,1,169,546,-1
0,367,316,-1,-1,-1,-1,1,440,343,-1
0,367,325,-1,-1,-1,-1,1,342,528,-1
0,367,314,-1,-1,-1,-1,1,643,313,-1
0,367,305,-1,-1,-1,-1,1,816,34,-1
0,367,317,-1,-1,-1,-1,1,168,276,-1
0,367,326,-1,-1,-1,-1,1,102,288,-1
0,367,319,-1,-1,-1,-1,1,161,504,-1
0,367,306,-1,-1,-1,-1,1,72,338,-1
0,367,312,-1,-1,-1,-1,1,201,138,-1
0,367,323,-1,-1,-1,-1,1,607,111,-1
0,367,320,-1,-1,-1,-1,1,182,273,-1
0,367,309,-1,-1,-1,-1,1,448,159,-1
0,367,300,-1,-1,-1,-1,1,751,84,-1
0,367,313,-1,-1,-1,-1,1,469,473,-1
0,367,322,-1,-1,-1,-1,1,782,448,-1
0,367,327,-1,-1,-1,-1,1,988,245,-1
0,367,318,-1,-1,-1,-1,1,640,535,-1
0,367,310,-1,-1,-1,-1,1,779,375,-1
0,367,311,-1,-1,-1,-1,1,593,431,-1
0,367,324,-1,-1,-1,-1,1,143,236,-1
0,367,321,-1,-1,-1,-1,1,654,433,-1
0,367,315,-1,-1,-1,-1,1,426,373,-1
0,367,25,-1,-1,-1,-1,1,519,539,-1
0,367,26,-1,-1,-1,-1,1,720,522,-1
0,367,114,-1,-1,-1,-1,1,318,558,-1
0,367,107,-1,-1,-1,-1,1,316,438,-1
0,367,122,-1,-1,-1,-1,1,622,181,-1
0,367,132,-1,-1,-1,-1,1,483,278,-1
0,367,123,-1,-1,-1,-1,1,724,230,-1
0,367,91,-1,-1,-1,-1,1,585,289,-1
0,367,109,-1,-1,-1,-1,1,245,313,-1
0,367,78,-1,-1,-1,-1,1,797,456,-1
0,367,92,-1,-1,-1,-1,1,716,313,-1
0,367,74,-1,-1,-1,-1,1,249,225,-1
0,367,57,-1,-1,-1,-1,1,164,569,-1
0,368,316,-1,-1,-1,-1,1,418,353,-1
0,368,325,-1,-1,-1,-1,1,363,517,-1
0,368,314,-1,-1,-1,-1,1,654,291,-1
0,368,305,-1,-1,-1,-1,1,817,10,-1
0,368,317,-1,-1,-1,-1,1,163,253,-1
0,368,328,-1,-1,-1,-1,1,356,631,-1
0,368,326,-1,-1,-1,-1,1,104,312,-1
0,368,319,-1,-1,-1,-1,1,179,519,-1
0,368,306,-1,-1,-1,-1,1,71,362,-1
0,368,312,-1,-1,-1,-1,1,190,159,-1
0,368,323,-1,-1,-1,-1,1,583,112,-1
0,368,320,-1,-1,-1,-1,1,190,250,-1
0,368,309,-1,-1,-1,-1,1,472,158,-1
0,368,300,-1,-1,-1,-1,1,752,60,-1
0,368,313,-1,-1,-1,-1,1,445,477,-1
0,368,322,-1,-1,-1,-1,1,777,472,-1
0,368,327,-1,-1,-1,-1,1,964,247,-1
0,368,318,-1,-1,-1,-1,1,664,533,-1
0,368,310,-1,-1,-1,-1,1,796,357,-1
0,368,311,-1,-1,-1,-1,1,616,438,-1
0,368,324,-1,-1,-1,-1,1,160,254,-1
0,368,321,-1,-1,-1,-1,1,631,426,-1
0,368,315,-1,-1,-1,-1,1,403,366,-1
0,368,25,-1,-1,-1,-1,1,543,537,-1
0,368,26,-1,-1,-1,-1,1,741,533,-1
0,368,137,-1,-1,-1,-1,1,783,634,-1
0,368,114,-1,-1,-1,-1,1,315,582,-1
0,368,107,-1,-1,-1,-1,1,311,462,-1
0,368,122,-1,-1,-1,-1,1,598,181,-1
0,368,132,-1,-1,-1,-1,1,498,259,-1
0,368,123,-1,-1,-1,-1,1,748,229,-1
0,368,91,-1,-1,-1,-1,1,609,288,-1
0,368,109,-1,-1,-1,-1,1,266,308,-1
0,368,78,-1,-1,-1,-1,1,798,480,-1
0,368,111,-1,-1,-1,-1,1,843,631,-1
0,368,92,-1,-1,-1,-1,1,700,294,-1
0,368,74,-1,-1,-1,-1,1,243,248,-1
0,368,57,-1,-1,-1,-1,1,159,593,-1
0,369,316,-1,-1,-1,-1,1,397,364,-1
0,369,329,-1,-1,-1,-1,1,744,21,-1
0,369,325,-1,-1,-1,-1,1,385,507,-1
0,369,314,-1,-1,-1,-1,1,664,270,-1
0,369,317,-1,-1,-1,-1,1,147,238,-1
0,369,328,-1,-1,-1,-1,1,340,615,-1
0,369,326,-1,-1,-1,-1,1,107,336,-1
0,369,319,-1,-1,-1,-1,1,197,535,-1
0,369,306,-1,-1,-1,-1,1,71,386,-1
0,369,312,-1,-1,-1,-1,1,178,180,-1
0,369,323,-1,-1,-1,-1,1,559,114,-1
0,369,320,-1,-1,-1,-1,1,197,227,-1
0,369,309,-1,-1,-1,-1,1,496,156,-1
0,369,300,-1,-1,-1,-1,1,752,36,-1
0,369,313,-1,-1,-1,-1,1,421,480,-1
0,369,322,-1,-1,-1,-1,1,769,490,-1
0,369,327,-1,-1,-1,-1,1,940,248,-1
0,369,318,-1,-1,-1,-1,1,688,530,-1
0,369,310,-1,-1,-1,-1,1,813,340,-1
0,369,311,-1,-1,-1,-1,1,639,445,-1
0,369,324,-1,-1,-1,-1,1,176,271,-1
0,369,321,-1,-1,-1,-1,1,608,420,-1
0,369,315,-1,-1,-1,-1,1,380,359,-1
0,369,25,-1,-1,-1,-1,1,567,535,-1
0,369,26,-1,-1,-1,-1,1,760,544,-1
0,369,137,-1,-1,-1,-1,1,776,614,-1
0,369,114,-1,-1,-1,-1,1,313,606,-1
0,369,107,-1,-1,-1,-1,1,307,485,-1
0,369,122,-1,-1,-1,-1,1,574,180,-1
0,369,132,-1,-1,-1,-1,1,512,240,-1
0,369,123,-1,-1,-1,-1,1,772,228,-1
0,369,91,-1,-1,-1,-1,1,633,286,-1
0,369,109,-1,-1,-1,-1,1,290,306,-1
0,369,78,-1,-1,-1,-1,1,798,504,-1
0,369,111,-1,-1,-1,-1,1,843,607,-1
0,369,92,-1,-1,-1,-1,1,685,276,-1
0,369,74,-1,-1,-1,-1,1,237,271,-1
0,369,57,-1,-1,-1,-1,1,153,616,-1
0,370,316,-1,-1,-1,-1,1,375,374,-1
0,370,329,-1,-1,-1,-1,1,740,44,-1
0,370,325,-1,-1,-1,-1,1,407,497,-1
0,370,314,-1,-1,-1,-1,1,674,248,-1
0,370,317,-1,-1,-1,-1,1,127,226,-1
0,370,328,-1,-1,-1,-1,1,322,599,-1
0,370,326,-1,-1,-1,-1,1,110,360,-1
0,370,319,-1,-1,-1,-1,1,214,549,-1
0,370,306,-1,-1,-1,-1,1,71,410,-1
0,370,312,-1,-1,-1,-1,1,166,201,-1
0,370,323,-1,-1,-1,-1,1,535,115,-1
0,370,320,-1,-1,-1,-1,1,204,204,-1
0,370,309,-1,-1,-1,-1,1,520,154,-1
0,370,300,-1,-1,-1,-1,1,753,12,-1
0,370,313,-1,-1,-1,-1,1,398,483,-1
0,370,322,-1,-1,-1,-1,1,745,494,-1
0,370,327,-1,-1,-1,-1,1,916,250,-1
0,370,318,-1,-1,-1,-1,1,712,528,-1
0,370,310,-1,-1,-1,-1,1,830,323,-1
0,370,311,-1,-1,-1,-1,1,656,458,-1
0,370,324,-1,-1,-1,-1,1,192,289,-1
0,370,321,-1,-1,-1,-1,1,585,413,-1
0,370,315,-1,-1,-1,-1,1,357,352,-1
0,370,25,-1,-1,-1,-1,1,591,534,-1
0,370,26,-1,-1,-1,-1,1,760,568,-1
0,370,137,-1,-1,-1,-1,1,761,595,-1
0,370,114,-1,-1,-1,-1,1,310,630,-1
0,370,107,-1,-1,-1,-1,1,303,509,-1
0,370,122,-1,-1,-1,-1,1,550,179,-1
0,370,132,-1,-1,-1,-1,1,526,222,-1
0,370,123,-1,-1,-1,-1,1,796,226,-1
0,370,91,-1,-1,-1,-1,1,657,284,-1
0,370,109,-1,-1,-1,-1,1,314,305,-1
0,370,78,-1,-1,-1,-1,1,798,528,-1
0,370,111,-1,-1,-1,-1,1,843,583,-1
0,370,92,-1,-1,-1,-1,1,672,265,-1
0,370,74,-1,-1,-1,-1,1,232,295,-1
0,370,57,-1,-1,-1,-1,1,152,639,-1
0,371,316,-1,-1,-1,-1,1,353,384,-1
0,371,329,-1,-1,-1,-1,1,736,68,-1
0,371,325,-1,-1,-1,-1,1,429,487,-1
0,371,314,-1,-1,-1,-1,1,685,227,-1
0,371,317,-1,-1,-1,-1,1,106,213,-1
0,371,328,-1,-1,-1,-1,1,305,583,-1
0,371,326,-1,-1,-1,-1,1,112,384,-1
0,371,319,-1,-1,-1,-1,1,235,561,-1
0,371,306,-1,-1,-1,-1,1,71,434,-1
0,371,312,-1,-1,-1,-1,1,155,222,-1
0,371,323,-1,-1,-1,-1,1,511,116,-1
0,371,330,-1,-1,-1,-1,1,91,621,-1
0,371,320,-1,-1,-1,-1,1,211,181,-1
0,371,309,-1,-1,-1,-1,1,544,153,-1
0,371,313,-1,-1,-1,-1,1,374,487,-1
0,371,322,-1,-1,-1,-1,1,721,497,-1
0,371,327,-1,-1,-1,-1,1,894,254,-1
0,371,318,-1,-1,-1,-1,1,735,525,-1
0,371,310,-1,-1,-1,-1,1,847,309,-1
0,371,311,-1,-1,-1,-1,1,675,473,-1
0,371,324,-1,-1,-1,-1,1,209,306,-1
0,371,321,-1,-1,-1,-1,1,562,406,-1
0,371,315,-1,-1,-1,-1,1,338,343,-1
0,371,331,-1,-1,-1,-1,1,885,624,-1
0,371,25,-1,-1,-1,-1,1,615,532,-1
0,371,26,-1,-1,-1,-1,1,760,592,-1
0,371,137,-1,-1,-1,-1,1,746,576,-1
0,371,107,-1,-1,-1,-1,1,299,533,-1
0,371,122,-1,-1,-1,-1,1,529,187,-1
0,371,132,-1,-1,-1,-1,1,550,220,-1
0,371,123,-1,-1,-1,-1,1,820,225,-1
0,371,91,-1,-1,-1,-1,1,677,294,-1
0,371,109,-1,-1,-1,-1,1,338,303,-1
0,371,78,-1,-1,-1,-1,1,799,552,-1
0,371,111,-1,-1,-1,-1,1,843,559,-1
0,371,92,-1,-1,-1,-1,1,652,258,-1
0,371,74,-1,-1,-1,-1,1,226,318,-1
0,372,316,-1,-1,-1,-1,1,331,394,-1
0,372,329,-1,-1,-1,-1,1,731,91,-1
0,372,325,-1,-1,-1,-1,1,450,477,-1
0,372,314,-1,-1,-1,-1,1,695,205,-1
0,372,317,-1,-1,-1,-1,1,86,201,-1
0,372,328,-1,-1,-1,-1,1,287,566,-1
0,372,326,-1,-1,-1,-1,1,115,407,-1
0,372,319,-1,-1,-1,-1,1,257,572,-1
0,372,306,-1,-1,-1,-1,1,71,458,-1
0,372,312,-1,-1,-1,-1,1,143,243,-1
0,372,323,-1,-1,-1,-1,1,487,117,-1
0,372,330,-1,-1,-1,-1,1,91,597,-1
0,372,320,-1,-1,-1,-1,1,219,159,-1
0,372,309,-1,-1,-1,-1,1,568,151,-1
0,372,313,-1,-1,-1,-1,1,350,490,-1
0,372,322,-1,-1,-1,-1,1,698,500,-1
0,372,327,-1,-1,-1,-1,1,874,267,-1
0,372,318,-1,-1,-1,-1,1,743,503,-1
0,372,310,-1,-1,-1,-1,1,871,307,-1
0,372,311,-1,-1,-1,-1,1,693,489,-1
0,372,324,-1,-1,-1,-1,1,225,324,-1
0,372,321,-1,-1,-1,-1,1,539,399,-1
0,372,315,-1,-1,-1,-1,1,322,326,-1
0,372,331,-1,-1,-1,-1,1,869,606,-1
0,372,25,-1,-1,-1,-1,1,639,530,-1
0,372,26,-1,-1,-1,-1,1,760,616,-1
0,372,137,-1,-1,-1,-1,1,731,557,-1
0,372,107,-1,-1,-1,-1,1,295,556,-1
0,372,122,-1,-1,-1,-1,1,510,200,-1
0,372,140,-1,-1,-1,-1,1,988,145,-1
0,372,132,-1,-1,-1,-1,1,574,219,-1
0,372,123,-1,-1,-1,-1,1,844,223,-1
0,372,91,-1,-1,-1,-1,1,697,307,-1
0,372,109,-1,-1,-1,-1,1,362,301,-1
0,372,124,-1,-1,-1,-1,1,160,620,-1
0,372,78,-1,-1,-1,-1,1,799,576,-1
0,372,111,-1,-1,-1,-1,1,843,535,-1
0,372,92,-1,-1,-1,-1,1,628,258,-1
0,372,74,-1,-1,-1,-1,1,221,341,-1
0,373,316,-1,-1,-1,-1,1,310,404,-1
0,373,329,-1,-1,-1,-1,1,725,114,-1
0,373,325,-1,-1,-1,-1,1,472,467,-1
0,373,314,-1,-1,-1,-1,1,705,184,-1
0,373,317,-1,-1,-1,-1,1,65,188,-1
0,373,328,-1,-1,-1,-1,1,269,554,-1
0,373,326,-1,-1,-1,-1,1,118,431,-1
0,373,319,-1,-1,-1,-1,1,278,584,-1
0,373,306,-1,-1,-1,-1,1,71,482,-1
0,373,312,-1,-1,-1,-1,1,131,264,-1
0,373,323,-1,-1,-1,-1,1,463,118,-1
0,373,330,-1,-1,-1,-1,1,92,573,-1
0,373,320,-1,-1,-1,-1,1,243,157,-1
0,373,309,-1,-1,-1,-1,1,592,149,-1
0,373,313,-1,-1,-1,-1,1,326,493,-1
0,373,322,-1,-1,-1,-1,1,674,504,-1
0,373,327,-1,-1,-1,-1,1,853,280,-1
0,373,318,-1,-1,-1,-1,1,751,480,-1
0,373,310,-1,-1,-1,-1,1,895,305,-1
0,373,332,-1,-1,-1,-1,1,243,628,-1
0,373,311,-1,-1,-1,-1,1,712,504,-1
0,373,324,-1,-1,-1,-1,1,241,342,-1
0,373,321,-1,-1,-1,-1,1,516,392,-1
0,373,315,-1,-1,-1,-1,1,306,308,-1
0,373,331,-1,-1,-1,-1,1,853,588,-1
0,373,25,-1,-1,-1,-1,1,663,528,-1
0,373,137,-1,-1,-1,-1,1,716,538,-1
0,373,107,-1,-1,-1,-1,1,292,579,-1
0,373,122,-1,-1,-1,-1,1,490,214,-1
0,373,140,-1,-1,-1,-1,1,964,143,-1
0,373,132,-1,-1,-1,-1,1,598,217,-1
0,373,123,-1,-1,-1,-1,1,868,222,-1
0,373,91,-1,-1,-1,-1,1,717,321,-1
0,373,109,-1,-1,-1,-1,1,386,299,-1
0,373,124,-1,-1,-1,-1,1,162,596,-1
0,373,78,-1,-1,-1,-1,1,800,600,-1
0,373,111,-1,-1,-1,-1,1,843,511,-1
0,373,92,-1,-1,-1,-1,1,604,257,-1
0,373,74,-1,-1,-1,-1,1,215,365,-1
0,374,316,-1,-1,-1,-1,1,288,414,-1
0,374,329,-1,-1,-1,-1,1,719,137,-1
0,374,325,-1,-1,-1,-1,1,494,457,-1
0,374,314,-1,-1,-1,-1,1,711,161,-1
0,374,317,-1,-1,-1,-1,1,46,176,-1
0,374,328,-1,-1,-1,-1,1,248,541,-1
0,374,326,-1,-1,-1,-1,1,121,455,-1
0,374,319,-1,-1,-1,-1,1,295,597,-1
0,374,306,-1,-1,-1,-1,1,70,506,-1
0,374,312,-1,-1,-1,-1,1,120,285,-1
0,374,323,-1,-1,-1,-1,1,439,120,-1
0,374,330,-1,-1,-1,-1,1,93,549,-1
0,374,320,-1,-1,-1,-1,1,267,156,-1
0,374,309,-1,-1,-1,-1,1,616,148,-1
0,374,313,-1,-1,-1,-1,1,303,497,-1
0,374,322,-1,-1,-1,-1,1,650,507,-1
0,374,327,-1,-1,-1,-1,1,833,293,-1
0,374,318,-1,-1,-1,-1,1,759,457,-1
0,374,310,-1,-1,-1,-1,1,919,303,-1
0,374,332,-1,-1,-1,-1,1,253,614,-1
0,374,311,-1,-1,-1,-1,1,730,520,-1
0,374,324,-1,-1,-1,-1,1,258,359,-1
0,374,321,-1,-1,-1,-1,1,493,386,-1
0,374,315,-1,-1,-1,-1,1,290,290,-1
0,374,331,-1,-1,-1,-1,1,838,570,-1
0,374,25,-1,-1,-1,-1,1,687,526,-1
0,374,137,-1,-1,-1,-1,1,701,520,-1
0,374,107,-1,-1,-1,-1,1,293,603,-1
0,374,122,-1,-1,-1,-1,1,470,227,-1
0,374,140,-1,-1,-1,-1,1,941,142,-1
0,374,132,-1,-1,-1,-1,1,622,216,-1
0,374,123,-1,-1,-1,-1,1,891,221,-1
0,374,91,-1,-1,-1,-1,1,736,334,-1
0,374,109,-1,-1,-1,-1,1,409,297,-1
0,374,124,-1,-1,-1,-1,1,165,572,-1
0,374,78,-1,-1,-1,-1,1,800,624,-1
0,374,111,-1,-1,-1,-1,1,843,487,-1
0,374,92,-1,-1,-1,-1,1,580,257,-1
0,374,74,-1,-1,-1,-1,1,210,388,-1
0,375,316,-1,-1,-1,-1,1,272,430,-1
0,375,329,-1,-1,-1,-1,1,713,160,-1
0,375,325,-1,-1,-1,-1,1,516,447,-1
0,375,314,-1,-1,-1,-1,1,716,137,-1
0,375,317,-1,-1,-1,-1,1,23,173,-1
0,375,328,-1,-1,-1,-1,1,228,528,-1
0,375,326,-1,-1,-1,-1,1,125,478,-1
0,375,319,-1,-1,-1,-1,1,299,621,-1
0,375,306,-1,-1,-1,-1,1,70,530,-1
0,375,312,-1,-1,-1,-1,1,108,306,-1
0,375,323,-1,-1,-1,-1,1,415,121,-1
0,375,333,-1,-1,-1,-1,1,756,13,-1
0,375,330,-1,-1,-1,-1,1,94,525,-1
0,375,320,-1,-1,-1,-1,1,291,154,-1
0,375,309,-1,-1,-1,-1,1,640,146,-1
0,375,313,-1,-1,-1,-1,1,279,500,-1
0,375,322,-1,-1,-1,-1,1,626,510,-1
0,375,327,-1,-1,-1,-1,1,813,306,-1
0,375,318,-1,-1,-1,-1,1,766,435,-1
0,375,310,-1,-1,-1,-1,1,943,301,-1
0,375,332,-1,-1,-1,-1,1,277,612,-1
0,375,311,-1,-1,-1,-1,1,748,535,-1
0,375,324,-1,-1,-1,-1,1,273,375,-1
0,375,321,-1,-1,-1,-1,1,470,379,-1
0,375,315,-1,-1,-1,-1,1,273,272,-1
0,375,331,-1,-1,-1,-1,1,822,551,-1
0,375,25,-1,-1,-1,-1,1,708,535,-1
0,375,137,-1,-1,-1,-1,1,681,512,-1
0,375,107,-1,-1,-1,-1,1,293,627,-1
0,375,122,-1,-1,-1,-1,1,450,241,-1
0,375,140,-1,-1,-1,-1,1,917,141,-1
0,375,151,-1,-1,-1,-1,1,371,626,-1
0,375,132,-1,-1,-1,-1,1,646,214,-1
0,375,123,-1,-1,-1,-1,1,915,223,-1
0,375,91,-1,-1,-1,-1,1,756,348,-1
0,375,109,-1,-1,-1,-1,1,433,296,-1
0,375,124,-1,-1,-1,-1,1,168,548,-1
0,375,111,-1,-1,-1,-1,1,843,463,-1
0,375,92,-1,-1,-1,-1,1,556,256,-1
0,375,74,-1,-1,-1,-1,1,204,412,-1
0,376,316,-1,-1,-1,-1,1,260,451,-1
0,376,329,-1,-1,-1,-1,1,707,184,-1
0,376,334,-1,-1,-1,-1,1,238,626,-1
0,376,325,-1,-1,-1,-1,1,537,436,-1
0,376,314,-1,-1,-1,-1,1,722,114,-1
0,376,328,-1,-1,-1,-1,1,208,516,-1
0,376,326,-1,-1,-1,-1,1,140,495,-1
0,376,306,-1,-1,-1,-1,1,70,554,-1
0,376,312,-1,-1,-1,-1,1,96,327,-1
0,376,323,-1,-1,-1,-1,1,391,122,-1
0,376,333,-1,-1,-1,-1,1,757,37,-1
0,376,330,-1,-1,-1,-1,1,94,501,-1
0,376,320,-1,-1,-1,-1,1,314,153,-1
0,376,309,-1,-1,-1,-1,1,664,145,-1
0,376,313,-1,-1,-1,-1,1,255,503,-1
0,376,322,-1,-1,-1,-1,1,602,513,-1
0,376,327,-1,-1,-1,-1,1,793,319,-1
0,376,318,-1,-1,-1,-1,1,774,412,-1
0,376,310,-1,-1,-1,-1,1,967,300,-1
0,376,332,-1,-1,-1,-1,1,301,609,-1
0,376,311,-1,-1,-1,-1,1,767,551,-1
0,376,324,-1,-1,-1,-1,1,296,381,-1
0,376,335,-1,-1,-1,-1,1,10,111,-1
0,376,321,-1,-1,-1,-1,1,447,372,-1
0,376,315,-1,-1,-1,-1,1,257,254,-1
0,376,331,-1,-1,-1,-1,1,807,533,-1
0,376,25,-1,-1,-1,-1,1,729,546,-1
0,376,137,-1,-1,-1,-1,1,657,510,-1
0,376,122,-1,-1,-1,-1,1,435,258,-1
0,376,140,-1,-1,-1,-1,1,893,141,-1
0,376,151,-1,-1,-1,-1,1,372,602,-1
0,376,132,-1,-1,-1,-1,1,670,213,-1
0,376,123,-1,-1,-1,-1,1,939,224,-1
0,376,91,-1,-1,-1,-1,1,776,362,-1
0,376,109,-1,-1,-1,-1,1,457,294,-1
0,376,124,-1,-1,-1,-1,1,171,524,-1
0,376,111,-1,-1,-1,-1,1,843,439,-1
0,376,92,-1,-1,-1,-1,1,532,255,-1
0,376,74,-1,-1,-1,-1,1,199,435,-1
0,377,316,-1,-1,-1,-1,1,248,471,-1
0,377,329,-1,-1,-1,-1,1,701,207,-1
0,377,334,-1,-1,-1,-1,1,245,603,-1
0,377,325,-1,-1,-1,-1,1,559,426,-1
0,377,314,-1,-1,-1,-1,1,728,91,-1
0,377,328,-1,-1,-1,-1,1,197,499,-1
0,377,326,-1,-1,-1,-1,1,158,510,-1
0,377,306,-1,-1,-1,-1,1,70,578,-1
0,377,312,-1,-1,-1,-1,1,87,347,-1
0,377,323,-1,-1,-1,-1,1,367,123,-1
0,377,333,-1,-1,-1,-1,1,758,60,-1
0,377,330,-1,-1,-1,-1,1,95,477,-1
0,377,320,-1,-1,-1,-1,1,338,151,-1
0,377,309,-1,-1,-1,-1,1,688,143,-1
0,377,313,-1,-1,-1,-1,1,231,506,-1
0,377,322,-1,-1,-1,-1,1,579,517,-1
0,377,327,-1,-1,-1,-1,1,773,332,-1
0,377,318,-1,-1,-1,-1,1,783,391,-1
0,377,310,-1,-1,-1,-1,1,991,298,-1
0,377,332,-1,-1,-1,-1,1,325,607,-1
0,377,311,-1,-1,-1,-1,1,785,566,-1
0,377,324,-1,-1,-1,-1,1,319,388,-1
0,377,335,-1,-1,-1,-1,1,34,112,-1
0,377,321,-1,-1,-1,-1,1,424,365,-1
0,377,315,-1,-1,-1,-1,1,241,236,-1
0,377,331,-1,-1,-1,-1,1,791,515,-1
0,377,25,-1,-1,-1,-1,1,750,557,-1
0,377,137,-1,-1,-1,-1,1,633,507,-1
0,377,122,-1,-1,-1,-1,1,421,277,-1
0,377,140,-1,-1,-1,-1,1,869,140,-1
0,377,151,-1,-1,-1,-1,1,374,578,-1
0,377,132,-1,-1,-1,-1,1,694,212,-1
0,377,123,-1,-1,-1,-1,1,963,225,-1
0,377,91,-1,-1,-1,-1,1,796,375,-1
0,377,109,-1,-1,-1,-1,1,481,292,-1
0,377,124,-1,-1,-1,-1,1,173,501,-1
0,377,111,-1,-1,-1,-1,1,843,415,-1
0,377,92,-1,-1,-1,-1,1,508,255,-1
0,377,74,-1,-1,-1,-1,1,193,458,-1
0,378,316,-1,-1,-1,-1,1,236,492,-1
0,378,329,-1,-1,-1,-1,1,695,230,-1
0,378,334,-1,-1,-1,-1,1,251,580,-1
0,378,325,-1,-1,-1,-1,1,581,416,-1
0,378,314,-1,-1,-1,-1,1,734,68,-1
0,378,328,-1,-1,-1,-1,1,194,475,-1
0,378,326,-1,-1,-1,-1,1,176,526,-1
0,378,306,-1,-1,-1,-1,1,70,602,-1
0,378,312,-1,-1,-1,-1,1,87,371,-1
0,378,323,-1,-1,-1,-1,1,343,124,-1
0,378,333,-1,-1,-1,-1,1,735,63,-1
0,378,330,-1,-1,-1,-1,1,96,453,-1
0,378,320,-1,-1,-1,-1,1,362,149,-1
0,378,309,-1,-1,-1,-1,1,712,141,-1
0,378,313,-1,-1,-1,-1,1,226,526,-1
0,378,322,-1,-1,-1,-1,1,555,520,-1
0,378,327,-1,-1,-1,-1,1,753,345,-1
0,378,318,-1,-1,-1,-1,1,800,374,-1
0,378,332,-1,-1,-1,-1,1,349,605,-1
0,378,311,-1,-1,-1,-1,1,796,583,-1
0,378,324,-1,-1,-1,-1,1,342,395,-1
0,378,335,-1,-1,-1,-1,1,58,113,-1
0,378,321,-1,-1,-1,-1,1,401,358,-1
0,378,315,-1,-1,-1,-1,1,225,218,-1
0,378,331,-1,-1,-1,-1,1,776,497,-1
0,378,25,-1,-1,-1,-1,1,772,568,-1
0,378,137,-1,-1,-1,-1,1,609,504,-1
0,378,122,-1,-1,-1,-1,1,406,297,-1
0,378,140,-1,-1,-1,-1,1,845,139,-1
0,378,151,-1,-1,-1,-1,1,375,554,-1
0,378,132,-1,-1,-1,-1,1,718,210,-1
0,378,123,-1,-1,-1,-1,1,987,227,-1
0,378,91,-1,-1,-1,-1,1,812,390,-1
0,378,109,-1,-1,-1,-1,1,505,290,-1
0,378,124,-1,-1,-1,-1,1,176,477,-1
0,378,111,-1,-1,-1,-1,1,843,391,-1
0,378,92,-1,-1,-1,-1,1,484,254,-1
0,378,74,-1,-1,-1,-1,1,188,482,-1
0,379,316,-1,-1,-1,-1,1,224,513,-1
0,379,329,-1,-1,-1,-1,1,678,243,-1
0,379,336,-1,-1,-1,-1,1,719,21,-1
0,379,334,-1,-1,-1,-1,1,263,563,-1
0,379,325,-1,-1,-1,-1,1,603,406,-1
0,379,314,-1,-1,-1,-1,1,740,44,-1
0,379,328,-1,-1,-1,-1,1,192,451,-1
0,379,337,-1,-1,-1,-1,1,364,626,-1
0,379,326,-1,-1,-1,-1,1,194,541,-1
0,379,306,-1,-1,-1,-1,1,70,626,-1
0,379,312,-1,-1,-1,-1,1,87,395,-1
0,379,323,-1,-1,-1,-1,1,319,126,-1
0,379,333,-1,-1,-1,-1,1,711,65,-1
0,379,330,-1,-1,-1,-1,1,96,429,-1
0,379,320,-1,-1,-1,-1,1,386,148,-1
0,379,309,-1,-1,-1,-1,1,736,140,-1
0,379,313,-1,-1,-1,-1,1,226,550,-1
0,379,322,-1,-1,-1,-1,1,531,523,-1
0,379,327,-1,-1,-1,-1,1,740,362,-1
0,379,318,-1,-1,-1,-1,1,816,357,-1
0,379,332,-1,-1,-1,-1,1,373,602,-1
0,379,311,-1,-1,-1,-1,1,797,607,-1
0,379,324,-1,-1,-1,-1,1,365,402,-1
0,379,335,-1,-1,-1,-1,1,82,113,-1
0,379,321,-1,-1,-1,-1,1,381,351,-1
0,379,315,-1,-1,-1,-1,1,209,201,-1
0,379,331,-1,-1,-1,-1,1,755,489,-1
0,379,25,-1,-1,-1,-1,1,776,589,-1
0,379,137,-1,-1,-1,-1,1,586,501,-1
0,379,28,-1,-1,-1,-1,1,803,636,-1
0,379,122,-1,-1,-1,-1,1,392,316,-1
0,379,140,-1,-1,-1,-1,1,821,139,-1
0,379,151,-1,-1,-1,-1,1,377,530,-1
0,379,132,-1,-1,-1,-1,1,742,209,-1
0,379,91,-1,-1,-1,-1,1,812,414,-1
0,379,109,-1,-1,-1,-1,1,529,289,-1
0,379,124,-1,-1,-1,-1,1,179,453,-1
0,379,111,-1,-1,-1,-1,1,839,369,-1
0,379,92,-1,-1,-1,-1,1,460,254,-1
0,379,74,-1,-1,-1,-1,1,183,505,-1
0,380,316,-1,-1,-1,-1,1,211,533,-1
0,380,329,-1,-1,-1,-1,1,656,253,-1
0,380,336,-1,-1,-1,-1,1,715,45,-1
0,380,334,-1,-1,-1,-1,1,285,552,-1
0,380,325,-1,-1,-1,-1,1,624,396,-1
0,380,314,-1,-1,-1,-1,1,746,21,-1
0,380,328,-1,-1,-1,-1,1,189,427,-1
0,380,337,-1,-1,-1,-1,1,351,609,-1
0,380,326,-1,-1,-1,-1,1,213,552,-1
0,380,312,-1,-1,-1,-1,1,87,419,-1
0,380,323,-1,-1,-1,-1,1,295,127,-1
0,380,333,-1,-1,-1,-1,1,687,66,-1
0,380,330,-1,-1,-1,-1,1,97,405,-1
0,380,320,-1,-1,-1,-1,1,410,146,-1
0,380,309,-1,-1,-1,-1,1,760,138,-1
0,380,313,-1,-1,-1,-1,1,226,574,-1
0,380,322,-1,-1,-1,-1,1,507,527,-1
0,380,327,-1,-1,-1,-1,1,735,385,-1
0,380,318,-1,-1,-1,-1,1,833,340,-1
0,380,332,-1,-1,-1,-1,1,397,600,-1
0,380,311,-1,-1,-1,-1,1,797,631,-1
0,380,324,-1,-1,-1,-1,1,388,408,-1
0,380,335,-1,-1,-1,-1,1,100,125,-1
0,380,321,-1,-1,-1,-1,1,365,333,-1
0,380,315,-1,-1,-1,-1,1,193,183,-1
0,380,331,-1,-1,-1,-1,1,732,483,-1
0,380,25,-1,-1,-1,-1,1,776,613,-1
0,380,137,-1,-1,-1,-1,1,562,498,-1
0,380,28,-1,-1,-1,-1,1,805,613,-1
0,380,122,-1,-1,-1,-1,1,378,335,-1
0,380,140,-1,-1,-1,-1,1,797,138,-1
0,380,151,-1,-1,-1,-1,1,378,506,-1
0,380,132,-1,-1,-1,-1,1,766,207,-1
0,380,91,-1,-1,-1,-1,1,813,438,-1
0,380,109,-1,-1,-1,-1,1,553,287,-1
0,380,124,-1,-1,-1,-1,1,182,429,-1
0,380,111,-1,-1,-1,-1,1,823,351,-1
0,380,92,-1,-1,-1,-1,1,436,253,-1
0,380,74,-1,-1,-1,-1,1,177,528,-1
0,381,316,-1,-1,-1,-1,1,204,554,-1
0,381,329,-1,-1,-1,-1,1,635,263,-1
0,381,336,-1,-1,-1,-1,1,711,69,-1
0,381,334,-1,-1,-1,-1,1,307,542,-1
0,381,325,-1,-1,-1,-1,1,646,386,-1
0,381,328,-1,-1,-1,-1,1,187,403,-1
0,381,337,-1,-1,-1,-1,1,333,593,-1
0,381,326,-1,-1,-1,-1,1,234,564,-1
0,381,312,-1,-1,-1,-1,1,86,443,-1
0,381,323,-1,-1,-1,-1,1,271,128,-1
0,381,333,-1,-1,-1,-1,1,663,67,-1
0,381,330,-1,-1,-1,-1,1,102,383,-1
0,381,320,-1,-1,-1,-1,1,434,144,-1
0,381,309,-1,-1,-1,-1,1,784,136,-1
0,381,313,-1,-1,-1,-1,1,226,598,-1
0,381,322,-1,-1,-1,-1,1,484,530,-1
0,381,327,-1,-1,-1,-1,1,731,409,-1
0,381,318,-1,-1,-1,-1,1,850,323,-1
0,381,332,-1,-1,-1,-1,1,421,597,-1
0,381,324,-1,-1,-1,-1,1,411,415,-1
0,381,335,-1,-1,-1,-1,1,116,142,-1
0,381,321,-1,-1,-1,-1,1,349,315,-1
0,381,315,-1,-1,-1,-1,1,177,165,-1
0,381,331,-1,-1,-1,-1,1,709,476,-1
0,381,25,-1,-1,-1,-1,1,776,637,-1
0,381,137,-1,-1,-1,-1,1,538,496,-1
0,381,28,-1,-1,-1,-1,1,790,594,-1
0,381,122,-1,-1,-1,-1,1,363,354,-1
0,381,140,-1,-1,-1,-1,1,773,137,-1
0,381,151,-1,-1,-1,-1,1,380,483,-1
0,381,132,-1,-1,-1,-1,1,790,206,-1
0,381,91,-1,-1,-1,-1,1,813,462,-1
0,381,109,-1,-1,-1,-1,1,577,285,-1
0,381,124,-1,-1,-1,-1,1,184,405,-1
0,381,111,-1,-1,-1,-1,1,808,333,-1
0,381,92,-1,-1,-1,-1,1,412,253,-1
0,381,74,-1,-1,-1,-1,1,172,552,-1
0,382,316,-1,-1,-1,-1,1,202,578,-1
0,382,329,-1,-1,-1,-1,1,613,273,-1
0,382,336,-1,-1,-1,-1,1,707,92,-1
0,382,334,-1,-1,-1,-1,1,328,532,-1
0,382,325,-1,-1,-1,-1,1,668,376,-1
0,382,328,-1,-1,-1,-1,1,184,380,-1
0,382,337,-1,-1,-1,-1,1,316,576,-1
0,382,326,-1,-1,-1,-1,1,256,575,-1
0,382,312,-1,-1,-1,-1,1,86,467,-1
0,382,323,-1,-1,-1,-1,1,247,129,-1
0,382,333,-1,-1,-1,-1,1,639,68,-1
0,382,330,-1,-1,-1,-1,1,110,360,-1
0,382,320,-1,-1,-1,-1,1,458,143,-1
0,382,309,-1,-1,-1,-1,1,787,114,-1
0,382,313,-1,-1,-1,-1,1,226,622,-1
0,382,322,-1,-1,-1,-1,1,460,533,-1
0,382,327,-1,-1,-1,-1,1,727,432,-1
0,382,318,-1,-1,-1,-1,1,867,305,-1
0,382,332,-1,-1,-1,-1,1,444,595,-1
0,382,324,-1,-1,-1,-1,1,435,422,-1
0,382,335,-1,-1,-1,-1,1,132,160,-1
0,382,321,-1,-1,-1,-1,1,333,297,-1
0,382,315,-1,-1,-1,-1,1,161,147,-1
0,382,331,-1,-1,-1,-1,1,686,469,-1
0,382,137,-1,-1,-1,-1,1,514,493,-1
0,382,28,-1,-1,-1,-1,1,776,575,-1
0,382,122,-1,-1,-1,-1,1,349,373,-1
0,382,140,-1,-1,-1,-1,1,749,137,-1
0,382,151,-1,-1,-1,-1,1,391,462,-1
0,382,132,-1,-1,-1,-1,1,814,204,-1
0,382,91,-1,-1,-1,-1,1,814,486,-1
0,382,109,-1,-1,-1,-1,1,601,283,-1
0,382,124,-1,-1,-1,-1,1,187,381,-1
0,382,111,-1,-1,-1,-1,1,792,314,-1
0,382,92,-1,-1,-1,-1,1,388,252,-1
0,382,74,-1,-1,-1,-1,1,166,575,-1
0,383,316,-1,-1,-1,-1,1,200,602,-1
0,383,329,-1,-1,-1,-1,1,591,284,-1
0,383,336,-1,-1,-1,-1,1,703,116,-1
0,383,334,-1,-1,-1,-1,1,350,522,-1
0,383,325,-1,-1,-1,-1,1,688,365,-1
0,383,328,-1,-1,-1,-1,1,182,356,-1
0,383,337,-1,-1,-1,-1,1,298,560,-1
0,383,326,-1,-1,-1,-1,1,276,587,-1
0,383,312,-1,-1,-1,-1,1,86,491,-1
0,383,323,-1,-1,-1,-1,1,223,131,-1
0,383,333,-1,-1,-1,-1,1,615,70,-1
0,383,330,-1,-1,-1,-1,1,117,337,-1
0,383,320,-1,-1,-1,-1,1,482,141,-1
0,383,309,-1,-1,-1,-1,1,787,90,-1
0,383,322,-1,-1,-1,-1,1,436,537,-1
0,383,327,-1,-1,-1,-1,1,723,456,-1
0,383,318,-1,-1,-1,-1,1,884,288,-1
0,383,332,-1,-1,-1,-1,1,468,592,-1
0,383,324,-1,-1,-1,-1,1,458,429,-1
0,383,335,-1,-1,-1,-1,1,148,177,-1
0,383,321,-1,-1,-1,-1,1,317,279,-1
0,383,315,-1,-1,-1,-1,1,145,133,-1
0,383,331,-1,-1,-1,-1,1,663,462,-1
0,383,137,-1,-1,-1,-1,1,490,490,-1
0,383,28,-1,-1,-1,-1,1,761,556,-1
0,383,122,-1,-1,-1,-1,1,334,393,-1
0,383,140,-1,-1,-1,-1,1,725,136,-1
0,383,151,-1,-1,-1,-1,1,403,441,-1
0,383,132,-1,-1,-1,-1,1,838,203,-1
0,383,91,-1,-1,-1,-1,1,814,510,-1
0,383,109,-1,-1,-1,-1,1,625,281,-1
0,383,124,-1,-1,-1,-1,1,190,358,-1
0,383,111,-1,-1,-1,-1,1,777,296,-1
0,383,92,-1,-1,-1,-1,1,364,251,-1
0,383,74,-1,-1,-1,-1,1,161,598,-1
0,384,316,-1,-1,-1,-1,1,199,626,-1
0,384,329,-1,-1,-1,-1,1,569,294,-1
0,384,336,-1,-1,-1,-1,1,699,139,-1
0,384,334,-1,-1,-1,-1,1,372,512,-1
0,384,325,-1,-1,-1,-1,1,699,344,-1
0,384,328,-1,-1,-1,-1,1,179,332,-1
0,384,337,-1,-1,-1,-1,1,280,547,-1
0,384,326,-1,-1,-1,-1,1,281,610,-1
0,384,312,-1,-1,-1,-1,1,86,515,-1
0,384,323,-1,-1,-1,-1,1,202,136,-1
0,384,333,-1,-1,-1,-1,1,591,71,-1
0,384,330,-1,-1,-1,-1,1,124,315,-1
0,384,320,-1,-1,-1,-1,1,506,139,-1
0,384,309,-1,-1,-1,-1,1,788,66,-1
0,384,322,-1,-1,-1,-1,1,412,540,-1
0,384,327,-1,-1,-1,-1,1,718,480,-1
0,384,318,-1,-1,-1,-1,1,906,284,-1
0,384,338,-1,-1,-1,-1,1,236,628,-1
0,384,332,-1,-1,-1,-1,1,492,590,-1
0,384,324,-1,-1,-1,-1,1,481,435,-1
0,384,335,-1,-1,-1,-1,1,165,195,-1
0,384,321,-1,-1,-1,-1,1,301,261,-1
0,384,315,-1,-1,-1,-1,1,121,131,-1
0,384,331,-1,-1,-1,-1,1,640,455,-1
0,384,137,-1,-1,-1,-1,1,466,487,-1
0,384,28,-1,-1,-1,-1,1,746,537,-1
0,384,122,-1,-1,-1,-1,1,328,414,-1
0,384,140,-1,-1,-1,-1,1,701,135,-1
0,384,151,-1,-1,-1,-1,1,414,420,-1
0,384,132,-1,-1,-1,-1,1,861,202,-1
0,384,91,-1,-1,-1,-1,1,814,534,-1
0,384,109,-1,-1,-1,-1,1,647,284,-1
0,384,124,-1,-1,-1,-1,1,193,334,-1
0,384,111,-1,-1,-1,-1,1,761,278,-1
0,384,92,-1,-1,-1,-1,1,340,251,-1
0,384,74,-1,-1,-1,-1,1,155,622,-1
0,385,329,-1,-1,-1,-1,1,548,304,-1
0,385,336,-1,-1,-1,-1,1,693,162,-1
0,385,334,-1,-1,-1,-1,1,394,502,-1
0,385,325,-1,-1,-1,-1,1,709,322,-1
0,385,328,-1,-1,-1,-1,1,177,308,-1
0,385,337,-1,-1,-1,-1,1,260,534,-1
0,385,339,-1,-1,-1,-1,1,1,209,-1
0,385,326,-1,-1,-1,-1,1,285,633,-1
0,385,312,-1,-1,-1,-1,1,86,539,-1
0,385,323,-1,-1,-1,-1,1,190,157,-1
0,385,333,-1,-1,-1,-1,1,567,72,-1
0,385,330,-1,-1,-1,-1,1,131,292,-1
0,385,320,-1,-1,-1,-1,1,530,138,-1
0,385,309,-1,-1,-1,-1,1,788,43,-1
0,385,322,-1,-1,-1,-1,1,388,543,-1
0,385,327,-1,-1,-1,-1,1,697,485,-1
0,385,318,-1,-1,-1,-1,1,929,282,-1
0,385,338,-1,-1,-1,-1,1,235,604,-1
0,385,332,-1,-1,-1,-1,1,516,588,-1
0,385,324,-1,-1,-1,-1,1,504,442,-1
0,385,335,-1,-1,-1,-1,1,181,213,-1
0,385,340,-1,-1,-1,-1,1,9,136,-1
0,385,321,-1,-1,-1,-1,1,285,244,-1
0,385,315,-1,-1,-1,-1,1,97,130,-1
0,385,331,-1,-1,-1,-1,1,617,449,-1
0,385,137,-1,-1,-1,-1,1,443,484,-1
0,385,28,-1,-1,-1,-1,1,731,519,-1
0,385,122,-1,-1,-1,-1,1,324,438,-1
0,385,140,-1,-1,-1,-1,1,677,135,-1
0,385,151,-1,-1,-1,-1,1,425,399,-1
0,385,132,-1,-1,-1,-1,1,885,203,-1
0,385,91,-1,-1,-1,-1,1,815,558,-1
0,385,109,-1,-1,-1,-1,1,666,298,-1
0,385,124,-1,-1,-1,-1,1,195,310,-1
0,385,111,-1,-1,-1,-1,1,745,260,-1
0,385,92,-1,-1,-1,-1,1,316,250,-1
0,386,329,-1,-1,-1,-1,1,526,314,-1
0,386,336,-1,-1,-1,-1,1,687,185,-1
0,386,334,-1,-1,-1,-1,1,415,492,-1
0,386,325,-1,-1,-1,-1,1,719,300,-1
0,386,328,-1,-1,-1,-1,1,174,284,-1
0,386,337,-1,-1,-1,-1,1,240,522,-1
0,386,339,-1,-1,-1,-1,1,25,215,-1
0,386,312,-1,-1,-1,-1,1,86,563,-1
0,386,323,-1,-1,-1,-1,1,179,178,-1
0,386,333,-1,-1,-1,-1,1,543,73,-1
0,386,330,-1,-1,-1,-1,1,138,269,-1
0,386,320,-1,-1,-1,-1,1,554,136,-1
0,386,309,-1,-1,-1,-1,1,789,19,-1
0,386,322,-1,-1,-1,-1,1,365,547,-1
0,386,327,-1,-1,-1,-1,1,673,489,-1
0,386,318,-1,-1,-1,-1,1,953,280,-1
0,386,338,-1,-1,-1,-1,1,235,580,-1
0,386,332,-1,-1,-1,-1,1,540,585,-1
0,386,324,-1,-1,-1,-1,1,527,449,-1
0,386,335,-1,-1,-1,-1,1,197,230,-1
0,386,340,-1,-1,-1,-1,1,33,136,-1
0,386,321,-1,-1,-1,-1,1,269,226,-1
0,386,315,-1,-1,-1,-1,1,73,128,-1
0,386,331,-1,-1,-1,-1,1,594,442,-1
0,386,56,-1,-1,-1,-1,1,365,633,-1
0,386,137,-1,-1,-1,-1,1,419,482,-1
0,386,28,-1,-1,-1,-1,1,715,502,-1
0,386,122,-1,-1,-1,-1,1,319,461,-1
0,386,140,-1,-1,-1,-1,1,653,134,-1
0,386,151,-1,-1,-1,-1,1,437,378,-1
0,386,132,-1,-1,-1,-1,1,909,204,-1
0,386,91,-1,-1,-1,-1,1,815,582,-1
0,386,109,-1,-1,-1,-1,1,686,311,-1
0,386,124,-1,-1,-1,-1,1,198,286,-1
0,386,127,-1,-1,-1,-1,1,857,625,-1
0,386,111,-1,-1,-1,-1,1,730,242,-1
0,386,92,-1,-1,-1,-1,1,292,250,-1
0,387,329,-1,-1,-1,-1,1,504,324,-1
0,387,336,-1,-1,-1,-1,1,681,208,-1
0,387,334,-1,-1,-1,-1,1,437,482,-1
0,387,325,-1,-1,-1,-1,1,730,279,-1
0,387,328,-1,-1,-1,-1,1,170,262,-1
0,387,337,-1,-1,-1,-1,1,219,509,-1
0,387,339,-1,-1,-1,-1,1,48,222,-1
0,387,312,-1,-1,-1,-1,1,85,587,-1
0,387,323,-1,-1,-1,-1,1,167,198,-1
0,387,333,-1,-1,-1,-1,1,520,74,-1
0,387,330,-1,-1,-1,-1,1,146,246,-1
0,387,320,-1,-1,-1,-1,1,578,135,-1
0,387,322,-1,-1,-1,-1,1,341,550,-1
0,387,327,-1,-1,-1,-1,1,650,492,-1
0,387,341,-1,-1,-1,-1,1,977,238,-1
0,387,318,-1,-1,-1,-1,1,977,278,-1
0,387,338,-1,-1,-1,-1,1,240,560,-1
0,387,332,-1,-1,-1,-1,1,564,583,-1
0,387,324,-1,-1,-1,-1,1,550,456,-1
0,387,335,-1,-1,-1,-1,1,214,248,-1
0,387,340,-1,-1,-1,-1,1,57,137,-1
0,387,321,-1,-1,-1,-1,1,252,208,-1
0,387,315,-1,-1,-1,-1,1,49,126,-1
0,387,331,-1,-1,-1,-1,1,571,435,-1
0,387,56,-1,-1,-1,-1,1,367,609,-1
0,387,137,-1,-1,-1,-1,1,395,479,-1
0,387,28,-1,-1,-1,-1,1,692,500,-1
0,387,122,-1,-1,-1,-1,1,315,485,-1
0,387,140,-1,-1,-1,-1,1,629,133,-1
0,387,151,-1,-1,-1,-1,1,448,356,-1
0,387,132,-1,-1,-1,-1,1,933,206,-1
0,387,91,-1,-1,-1,-1,1,816,606,-1
0,387,109,-1,-1,-1,-1,1,706,325,-1
0,387,124,-1,-1,-1,-1,1,201,262,-1
0,387,127,-1,-1,-1,-1,1,857,601,-1
0,387,111,-1,-1,-1,-1,1,714,223,-1
0,387,92,-1,-1,-1,-1,1,268,249,-1
0,388,329,-1,-1,-1,-1,1,482,334,-1
0,388,336,-1,-1,-1,-1,1,675,232,-1
0,388,334,-1,-1,-1,-1,1,459,471,-1
0,388,325,-1,-1,-1,-1,1,740,257,-1
0,388,328,-1,-1,-1,-1,1,156,245,-1
0,388,337,-1,-1,-1,-1,1,205,494,-1
0,388,339,-1,-1,-1,-1,1,71,228,-1
0,388,312,-1,-1,-1,-1,1,85,611,-1
0,388,323,-1,-1,-1,-1,1,155,219,-1
0,388,333,-1,-1,-1,-1,1,496,76,-1
0,388,330,-1,-1,-1,-1,1,153,223,-1
0,388,320,-1,-1,-1,-1,1,602,133,-1
0,388,322,-1,-1,-1,-1,1,317,553,-1
0,388,327,-1,-1,-1,-1,1,626,495,-1
0,388,341,-1,-1,-1,-1,1,953,239,-1
0,388,338,-1,-1,-1,-1,1,264,558,-1
0,388,332,-1,-1,-1,-1,1,588,580,-1
0,388,324,-1,-1,-1,-1,1,573,462,-1
0,388,335,-1,-1,-1,-1,1,230,266,-1
0,388,340,-1,-1,-1,-1,1,79,137,-1
0,388,321,-1,-1,-1,-1,1,236,190,-1
0,388,315,-1,-1,-1,-1,1,25,125,-1
0,388,331,-1,-1,-1,-1,1,548,428,-1
0,388,56,-1,-1,-1,-1,1,369,585,-1
0,388,137,-1,-1,-1,-1,1,374,482,-1
0,388,28,-1,-1,-1,-1,1,668,497,-1
0,388,122,-1,-1,-1,-1,1,311,509,-1
0,388,140,-1,-1,-1,-1,1,605,132,-1
0,388,155,-1,-1,-1,-1,1,997,211,-1
0,388,151,-1,-1,-1,-1,1,459,335,-1
0,388,132,-1,-1,-1,-1,1,957,207,-1
0,388,91,-1,-1,-1,-1,1,816,630,-1
0,388,109,-1,-1,-1,-1,1,726,339,-1
0,388,124,-1,-1,-1,-1,1,208,243,-1
0,388,127,-1,-1,-1,-1,1,857,577,-1
0,388,111,-1,-1,-1,-1,1,699,205,-1
0,388,92,-1,-1,-1,-1,1,244,249,-1
0,389,329,-1,-1,-1,-1,1,460,344,-1
0,389,336,-1,-1,-1,-1,1,669,255,-1
0,389,334,-1,-1,-1,-1,1,481,461,-1
0,389,325,-1,-1,-1,-1,1,751,235,-1
0,389,328,-1,-1,-1,-1,1,136,232,-1
0,389,337,-1,-1,-1,-1,1,202,470,-1
0,389,339,-1,-1,-1,-1,1,94,235,-1
0,389,312,-1,-1,-1,-1,1,85,635,-1
0,389,323,-1,-1,-1,-1,1,144,240,-1
0,389,333,-1,-1,-1,-1,1,472,77,-1
0,389,330,-1,-1,-1,-1,1,160,200,-1
0,389,320,-1,-1,-1,-1,1,626,131,-1
0,389,322,-1,-1,-1,-1,1,293,556,-1
0,389,327,-1,-1,-1,-1,1,602,499,-1
0,389,341,-1,-1,-1,-1,1,929,241,-1
0,389,338,-1,-1,-1,-1,1,287,556,-1
0,389,332,-1,-1,-1,-1,1,612,578,-1
0,389,324,-1,-1,-1,-1,1,596,469,-1
0,389,335,-1,-1,-1,-1,1,246,283,-1
0,389,340,-1,-1,-1,-1,1,96,154,-1
0,389,321,-1,-1,-1,-1,1,220,172,-1
0,389,315,-1,-1,-1,-1,1,1,123,-1
0,389,331,-1,-1,-1,-1,1,525,421,-1
0,389,56,-1,-1,-1,-1,1,375,565,-1
0,389,137,-1,-1,-1,-1,1,361,502,-1
0,389,28,-1,-1,-1,-1,1,644,494,-1
0,389,122,-1,-1,-1,-1,1,307,532,-1
0,389,140,-1,-1,-1,-1,1,586,145,-1
0,389,155,-1,-1,-1,-1,1,973,209,-1
0,389,151,-1,-1,-1,-1,1,472,316,-1
0,389,132,-1,-1,-1,-1,1,981,208,-1
0,389,109,-1,-1,-1,-1,1,746,352,-1
0,389,124,-1,-1,-1,-1,1,232,242,-1
0,389,127,-1,-1,-1,-1,1,857,553,-1
0,389,111,-1,-1,-1,-1,1,677,201,-1
0,389,92,-1,-1,-1,-1,1,227,258,-1
0,390,329,-1,-1,-1,-1,1,439,354,-1
0,390,336,-1,-1,-1,-1,1,663,278,-1
0,390,342,-1,-1,-1,-1,1,224,638,-1
0,390,334,-1,-1,-1,-1,1,502,451,-1
0,390,325,-1,-1,-1,-1,1,761,214,-1
0,390,328,-1,-1,-1,-1,1,115,220,-1
0,390,337,-1,-1,-1,-1,1,200,446,-1
0,390,339,-1,-1,-1,-1,1,117,242,-1
0,390,323,-1,-1,-1,-1,1,132,261,-1
0,390,333,-1,-1,-1,-1,1,448,78,-1
0,390,330,-1,-1,-1,-1,1,167,177,-1
0,390,320,-1,-1,-1,-1,1,650,130,-1
0,390,322,-1,-1,-1,-1,1,270,560,-1
0,390,327,-1,-1,-1,-1,1,578,502,-1
0,390,341,-1,-1,-1,-1,1,905,242,-1
0,390,338,-1,-1,-1,-1,1,311,553,-1
0,390,332,-1,-1,-1,-1,1,635,575,-1
0,390,324,-1,-1,-1,-1,1,619,476,-1
0,390,335,-1,-1,-1,-1,1,263,301,-1
0,390,340,-1,-1,-1,-1,1,112,172,-1
0,390,321,-1,-1,-1,-1,1,204,154,-1
0,390,331,-1,-1,-1,-1,1,502,415,-1
0,390,56,-1,-1,-1,-1,1,398,563,-1
0,390,137,-1,-1,-1,-1,1,348,522,-1
0,390,28,-1,-1,-1,-1,1,620,491,-1
0,390,122,-1,-1,-1,-1,1,303,556,-1
0,390,140,-1,-1,-1,-1,1,566,159,-1
0,390,155,-1,-1,-1,-1,1,950,208,-1
0,390,151,-1,-1,-1,-1,1,487,297,-1
0,390,109,-1,-1,-1,-1,1,765,366,-1
0,390,124,-1,-1,-1,-1,1,256,240,-1
0,390,127,-1,-1,-1,-1,1,857,529,-1
0,390,111,-1,-1,-1,-1,1,653,199,-1
0,390,92,-1,-1,-1,-1,1,222,281,-1
0,391,329,-1,-1,-1,-1,1,417,364,-1
0,391,336,-1,-1,-1,-1,1,652,296,-1
0,391,343,-1,-1,-1,-1,1,759,1,-1
0,391,342,-1,-1,-1,-1,1,230,615,-1
0,391,334,-1,-1,-1,-1,1,524,441,-1
0,391,325,-1,-1,-1,-1,1,768,192,-1
0,391,328,-1,-1,-1,-1,1,95,207,-1
0,391,337,-1,-1,-1,-1,1,197,423,-1
0,391,339,-1,-1,-1,-1,1,126,259,-1
0,391,323,-1,-1,-1,-1,1,120,282,-1
0,391,333,-1,-1,-1,-1,1,424,79,-1
0,391,330,-1,-1,-1,-1,1,185,168,-1
0,391,320,-1,-1,-1,-1,1,674,128,-1
0,391,322,-1,-1,-1,-1,1,267,582,-1
0,391,327,-1,-1,-1,-1,1,555,505,-1
0,391,341,-1,-1,-1,-1,1,883,246,-1
0,391,338,-1,-1,-1,-1,1,335,551,-1
0,391,332,-1,-1,-1,-1,1,659,573,-1
0,391,324,-1,-1,-1,-1,1,642,483,-1
0,391,335,-1,-1,-1,-1,1,278,316,-1
0,391,340,-1,-1,-1,-1,1,128,189,-1
0,391,321,-1,-1,-1,-1,1,188,138,-1
0,391,331,-1,-1,-1,-1,1,478,408,-1
0,391,56,-1,-1,-1,-1,1,422,562,-1
0,391,137,-1,-1,-1,-1,1,335,542,-1
0,391,28,-1,-1,-1,-1,1,596,488,-1
0,391,122,-1,-1,-1,-1,1,298,580,-1
0,391,140,-1,-1,-1,-1,1,546,172,-1
0,391,155,-1,-1,-1,-1,1,926,207,-1
0,391,165,-1,-1,-1,-1,1,379,630,-1
0,391,151,-1,-1,-1,-1,1,501,278,-1
0,391,109,-1,-1,-1,-1,1,785,379,-1
0,391,124,-1,-1,-1,-1,1,280,238,-1
0,391,127,-1,-1,-1,-1,1,857,505,-1
0,391,111,-1,-1,-1,-1,1,629,198,-1
0,391,92,-1,-1,-1,-1,1,216,304,-1
0,392,329,-1,-1,-1,-1,1,395,374,-1
0,392,336,-1,-1,-1,-1,1,631,307,-1
0,392,343,-1,-1,-1,-1,1,755,24,-1
0,392,342,-1,-1,-1,-1,1,236,592,-1
0,392,334,-1,-1,-1,-1,1,546,431,-1
0,392,325,-1,-1,-1,-1,1,774,169,-1
0,392,328,-1,-1,-1,-1,1,74,195,-1
0,392,337,-1,-1,-1,-1,1,195,399,-1
0,392,339,-1,-1,-1,-1,1,128,283,-1
0,392,323,-1,-1,-1,-1,1,109,303,-1
0,392,333,-1,-1,-1,-1,1,400,81,-1
0,392,330,-1,-1,-1,-1,1,209,167,-1
0,392,320,-1,-1,-1,-1,1,698,126,-1
0,392,322,-1,-1,-1,-1,1,267,606,-1
0,392,327,-1,-1,-1,-1,1,531,508,-1
0,392,341,-1,-1,-1,-1,1,863,259,-1
0,392,338,-1,-1,-1,-1,1,359,548,-1
0,392,332,-1,-1,-1,-1,1,683,571,-1
0,392,324,-1,-1,-1,-1,1,665,489,-1
0,392,335,-1,-1,-1,-1,1,301,323,-1
0,392,340,-1,-1,-1,-1,1,145,207,-1
0,392,321,-1,-1,-1,-1,1,165,136,-1
0,392,331,-1,-1,-1,-1,1,455,401,-1
0,392,56,-1,-1,-1,-1,1,446,560,-1
0,392,137,-1,-1,-1,-1,1,323,562,-1
0,392,28,-1,-1,-1,-1,1,572,486,-1
0,392,122,-1,-1,-1,-1,1,296,602,-1
0,392,140,-1,-1,-1,-1,1,526,185,-1
0,392,155,-1,-1,-1,-1,1,902,206,-1
0,392,165,-1,-1,-1,-1,1,380,606,-1
0,392,151,-1,-1,-1,-1,1,516,259,-1
0,392,109,-1,-1,-1,-1,1,790,400,-1
0,392,124,-1,-1,-1,-1,1,304,236,-1
0,392,127,-1,-1,-1,-1,1,857,481,-1
0,392,111,-1,-1,-1,-1,1,605,197,-1
0,392,92,-1,-1,-1,-1,1,211,328,-1
0,393,329,-1,-1,-1,-1,1,373,385,-1
0,393,336,-1,-1,-1,-1,1,609,317,-1
0,393,343,-1,-1,-1,-1,1,751,48,-1
0,393,342,-1,-1,-1,-1,1,243,569,-1
0,393,334,-1,-1,-1,-1,1,568,421,-1
0,393,325,-1,-1,-1,-1,1,780,145,-1
0,393,328,-1,-1,-1,-1,1,55,183,-1
0,393,337,-1,-1,-1,-1,1,192,375,-1
0,393,339,-1,-1,-1,-1,1,131,307,-1
0,393,323,-1,-1,-1,-1,1,97,324,-1
0,393,333,-1,-1,-1,-1,1,376,82,-1
0,393,330,-1,-1,-1,-1,1,233,165,-1
0,393,320,-1,-1,-1,-1,1,722,125,-1
0,393,322,-1,-1,-1,-1,1,267,630,-1
0,393,327,-1,-1,-1,-1,1,507,512,-1
0,393,341,-1,-1,-1,-1,1,843,272,-1
0,393,338,-1,-1,-1,-1,1,383,546,-1
0,393,332,-1,-1,-1,-1,1,707,568,-1
0,393,324,-1,-1,-1,-1,1,684,499,-1
0,393,335,-1,-1,-1,-1,1,324,330,-1
0,393,340,-1,-1,-1,-1,1,161,225,-1
0,393,321,-1,-1,-1,-1,1,141,135,-1
0,393,331,-1,-1,-1,-1,1,432,394,-1
0,393,56,-1,-1,-1,-1,1,470,558,-1
0,393,137,-1,-1,-1,-1,1,320,585,-1
0,393,28,-1,-1,-1,-1,1,549,483,-1
0,393,122,-1,-1,-1,-1,1,296,626,-1
0,393,140,-1,-1,-1,-1,1,508,199,-1
0,393,155,-1,-1,-1,-1,1,878,205,-1
0,393,165,-1,-1,-1,-1,1,382,582,-1
0,393,151,-1,-1,-1,-1,1,535,251,-1
0,393,109,-1,-1,-1,-1,1,791,424,-1
0,393,124,-1,-1,-1,-1,1,328,234,-1
0,393,143,-1,-1,-1,-1,1,151,619,-1
0,393,127,-1,-1,-1,-1,1,857,457,-1
0,393,111,-1,-1,-1,-1,1,581,196,-1
0,393,92,-1,-1,-1,-1,1,205,351,-1
0,394,329,-1,-1,-1,-1,1,352,395,-1
0,394,336,-1,-1,-1,-1,1,587,327,-1
0,394,343,-1,-1,-1,-1,1,747,72,-1
0,394,342,-1,-1,-1,-1,1,249,546,-1
0,394,334,-1,-1,-1,-1,1,589,411,-1
0,394,325,-1,-1,-1,-1,1,786,122,-1
0,394,328,-1,-1,-1,-1,1,32,179,-1
0,394,337,-1,-1,-1,-1,1,190,351,-1
0,394,339,-1,-1,-1,-1,1,134,330,-1
0,394,323,-1,-1,-1,-1,1,85,345,-1
0,394,333,-1,-1,-1,-1,1,352,83,-1
0,394,344,-1,-1,-1,-1,1,763,20,-1
0,394,330,-1,-1,-1,-1,1,257,163,-1
0,394,320,-1,-1,-1,-1,1,745,123,-1
0,394,327,-1,-1,-1,-1,1,483,515,-1
0,394,341,-1,-1,-1,-1,1,822,285,-1
0,394,338,-1,-1,-1,-1,1,407,543,-1
0,394,332,-1,-1,-1,-1,1,721,555,-1
0,394,324,-1,-1,-1,-1,1,702,515,-1
0,394,335,-1,-1,-1,-1,1,347,336,-1
0,394,340,-1,-1,-1,-1,1,177,242,-1
0,394,321,-1,-1,-1,-1,1,117,133,-1
0,394,331,-1,-1,-1,-1,1,409,388,-1
0,394,56,-1,-1,-1,-1,1,494,556,-1
0,394,137,-1,-1,-1,-1,1,318,609,-1
0,394,28,-1,-1,-1,-1,1,525,480,-1
0,394,140,-1,-1,-1,-1,1,493,218,-1
0,394,155,-1,-1,-1,-1,1,854,205,-1
0,394,165,-1,-1,-1,-1,1,383,558,-1
0,394,151,-1,-1,-1,-1,1,559,249,-1
0,394,109,-1,-1,-1,-1,1,791,448,-1
0,394,124,-1,-1,-1,-1,1,352,233,-1
0,394,143,-1,-1,-1,-1,1,154,595,-1
0,394,127,-1,-1,-1,-1,1,857,433,-1
0,394,111,-1,-1,-1,-1,1,557,194,-1
0,394,92,-1,-1,-1,-1,1,200,374,-1
0,395,329,-1,-1,-1,-1,1,330,405,-1
0,395,336,-1,-1,-1,-1,1,565,337,-1
0,395,343,-1,-1,-1,-1,1,743,95,-1
0,395,342,-1,-1,-1,-1,1,257,525,-1
0,395,334,-1,-1,-1,-1,1,611,400,-1
0,395,325,-1,-1,-1,-1,1,792,99,-1
0,395,328,-1,-1,-1,-1,1,8,177,-1
0,395,337,-1,-1,-1,-1,1,187,327,-1
0,395,339,-1,-1,-1,-1,1,136,354,-1
0,395,323,-1,-1,-1,-1,1,76,366,-1
0,395,333,-1,-1,-1,-1,1,328,84,-1
0,395,344,-1,-1,-1,-1,1,764,44,-1
0,395,330,-1,-1,-1,-1,1,281,162,-1
0,395,320,-1,-1,-1,-1,1,769,121,-1
0,395,327,-1,-1,-1,-1,1,459,518,-1
0,395,341,-1,-1,-1,-1,1,802,298,-1
0,395,338,-1,-1,-1,-1,1,431,541,-1
0,395,332,-1,-1,-1,-1,1,729,532,-1
0,395,324,-1,-1,-1,-1,1,721,530,-1
0,395,335,-1,-1,-1,-1,1,370,343,-1
0,395,340,-1,-1,-1,-1,1,194,260,-1
0,395,321,-1,-1,-1,-1,1,93,132,-1
0,395,331,-1,-1,-1,-1,1,386,381,-1
0,395,56,-1,-1,-1,-1,1,518,554,-1
0,395,137,-1,-1,-1,-1,1,315,633,-1
0,395,28,-1,-1,-1,-1,1,501,477,-1
0,395,140,-1,-1,-1,-1,1,479,238,-1
0,395,155,-1,-1,-1,-1,1,830,204,-1
0,395,165,-1,-1,-1,-1,1,385,534,-1
0,395,151,-1,-1,-1,-1,1,583,248,-1
0,395,109,-1,-1,-1,-1,1,792,472,-1
0,395,124,-1,-1,-1,-1,1,376,231,-1
0,395,143,-1,-1,-1,-1,1,157,571,-1
0,395,127,-1,-1,-1,-1,1,857,409,-1
0,395,111,-1,-1,-1,-1,1,533,193,-1
0,395,92,-1,-1,-1,-1,1,194,398,-1
0,396,329,-1,-1,-1,-1,1,308,415,-1
0,396,336,-1,-1,-1,-1,1,544,347,-1
0,396,343,-1,-1,-1,-1,1,739,118,-1
0,396,342,-1,-1,-1,-1,1,278,514,-1
0,396,334,-1,-1,-1,-1,1,633,390,-1
0,396,325,-1,-1,-1,-1,1,798,76,-1
0,396,337,-1,-1,-1,-1,1,185,303,-1
0,396,339,-1,-1,-1,-1,1,139,378,-1
0,396,323,-1,-1,-1,-1,1,75,390,-1
0,396,333,-1,-1,-1,-1,1,304,86,-1
0,396,344,-1,-1,-1,-1,1,755,60,-1
0,396,330,-1,-1,-1,-1,1,305,160,-1
0,396,320,-1,-1,-1,-1,1,793,120,-1
0,396,327,-1,-1,-1,-1,1,436,522,-1
0,396,341,-1,-1,-1,-1,1,782,311,-1
0,396,338,-1,-1,-1,-1,1,455,539,-1
0,396,332,-1,-1,-1,-1,1,737,509,-1
0,396,324,-1,-1,-1,-1,1,739,546,-1
0,396,335,-1,-1,-1,-1,1,394,350,-1
0,396,340,-1,-1,-1,-1,1,210,277,-1
0,396,321,-1,-1,-1,-1,1,69,130,-1
0,396,331,-1,-1,-1,-1,1,367,372,-1
0,396,56,-1,-1,-1,-1,1,542,552,-1
0,396,28,-1,-1,-1,-1,1,477,475,-1
0,396,140,-1,-1,-1,-1,1,465,257,-1
0,396,155,-1,-1,-1,-1,1,806,203,-1
0,396,165,-1,-1,-1,-1,1,386,510,-1
0,396,151,-1,-1,-1,-1,1,607,246,-1
0,396,109,-1,-1,-1,-1,1,792,496,-1
0,396,124,-1,-1,-1,-1,1,400,229,-1
0,396,143,-1,-1,-1,-1,1,159,547,-1
0,396,127,-1,-1,-1,-1,1,857,385,-1
0,396,111,-1,-1,-1,-1,1,509,192,-1
0,396,92,-1,-1,-1,-1,1,189,421,-1
0,397,329,-1,-1,-1,-1,1,293,431,-1
0,397,336,-1,-1,-1,-1,1,522,357,-1
0,397,343,-1,-1,-1,-1,1,733,141,-1
0,397,342,-1,-1,-1,-1,1,300,504,-1
0,397,334,-1,-1,-1,-1,1,653,380,-1
0,397,325,-1,-1,-1,-1,1,803,52,-1
0,397,337,-1,-1,-1,-1,1,182,279,-1
0,397,339,-1,-1,-1,-1,1,142,402,-1
0,397,323,-1,-1,-1,-1,1,75,414,-1
0,397,333,-1,-1,-1,-1,1,280,87,-1
0,397,344,-1,-1,-1,-1,1,731,61,-1
0,397,345,-1,-1,-1,-1,1,92,628,-1
0,397,330,-1,-1,-1,-1,1,329,158,-1
0,397,320,-1,-1,-1,-1,1,810,111,-1
0,397,327,-1,-1,-1,-1,1,412,525,-1
0,397,341,-1,-1,-1,-1,1,762,324,-1
0,397,338,-1,-1,-1,-1,1,478,536,-1
0,397,332,-1,-1,-1,-1,1,745,486,-1
0,397,324,-1,-1,-1,-1,1,758,561,-1
0,397,335,-1,-1,-1,-1,1,417,357,-1
0,397,340,-1,-1,-1,-1,1,226,295,-1
0,397,321,-1,-1,-1,-1,1,45,128,-1
0,397,346,-1,-1,-1,-1,1,851,638,-1
0,397,331,-1,-1,-1,-1,1,351,354,-1
0,397,56,-1,-1,-1,-1,1,566,550,-1
0,397,28,-1,-1,-1,-1,1,453,472,-1
0,397,140,-1,-1,-1,-1,1,450,276,-1
0,397,155,-1,-1,-1,-1,1,782,203,-1
0,397,165,-1,-1,-1,-1,1,388,486,-1
0,397,151,-1,-1,-1,-1,1,631,245,-1
0,397,109,-1,-1,-1,-1,1,792,520,-1
0,397,124,-1,-1,-1,-1,1,424,227,-1
0,397,143,-1,-1,-1,-1,1,162,524,-1
0,397,127,-1,-1,-1,-1,1,850,364,-1
0,397,111,-1,-1,-1,-1,1,485,191,-1
0,397,92,-1,-1,-1,-1,1,183,444,-1
0,398,329,-1,-1,-1,-1,1,280,451,-1
0,398,336,-1,-1,-1,-1,1,500,367,-1
0,398,343,-1,-1,-1,-1,1,727,164,-1
0,398,342,-1,-1,-1,-1,1,322,494,-1
0,398,334,-1,-1,-1,-1,1,664,358,-1
0,398,325,-1,-1,-1,-1,1,809,29,-1
0,398,337,-1,-1,-1,-1,1,179,257,-1
0,398,347,-1,-1,-1,-1,1,338,616,-1
0,398,348,-1,-1,-1,-1,1,3,191,-1
0,398,339,-1,-1,-1,-1,1,144,426,-1
0,398,323,-1,-1,-1,-1,1,75,438,-1
0,398,333,-1,-1,-1,-1,1,256,88,-1
0,398,344,-1,-1,-1,-1,1,707,62,-1
0,398,345,-1,-1,-1,-1,1,92,604,-1
0,398,330,-1,-1,-1,-1,1,353,157,-1
0,398,320,-1,-1,-1,-1,1,811,87,-1
0,398,327,-1,-1,-1,-1,1,388,528,-1
0,398,341,-1,-1,-1,-1,1,742,337,-1
0,398,338,-1,-1,-1,-1,1,502,534,-1
0,398,332,-1,-1,-1,-1,1,752,464,-1
0,398,324,-1,-1,-1,-1,1,776,576,-1
0,398,335,-1,-1,-1,-1,1,440,363,-1
0,398,340,-1,-1,-1,-1,1,243,313,-1
0,398,321,-1,-1,-1,-1,1,21,127,-1
0,398,346,-1,-1,-1,-1,1,836,619,-1
0,398,331,-1,-1,-1,-1,1,335,336,-1
0,398,56,-1,-1,-1,-1,1,590,548,-1
0,398,66,-1,-1,-1,-1,1,401,623,-1
0,398,28,-1,-1,-1,-1,1,429,469,-1
0,398,140,-1,-1,-1,-1,1,436,295,-1
0,398,155,-1,-1,-1,-1,1,758,202,-1
0,398,165,-1,-1,-1,-1,1,398,466,-1
0,398,151,-1,-1,-1,-1,1,655,243,-1
0,398,109,-1,-1,-1,-1,1,793,544,-1
0,398,124,-1,-1,-1,-1,1,448,225,-1
0,398,143,-1,-1,-1,-1,1,165,500,-1
0,398,127,-1,-1,-1,-1,1,835,346,-1
0,398,111,-1,-1,-1,-1,1,461,189,-1
0,398,92,-1,-1,-1,-1,1,178,468,-1
0,399,329,-1,-1,-1,-1,1,268,472,-1
0,399,336,-1,-1,-1,-1,1,478,377,-1
0,399,343,-1,-1,-1,-1,1,721,188,-1
0,399,342,-1,-1,-1,-1,1,344,484,-1
0,399,334,-1,-1,-1,-1,1,674,337,-1
0,399,325,-1,-1,-1,-1,1,812,7,-1
0,399,337,-1,-1,-1,-1,1,168,238,-1
0,399,347,-1,-1,-1,-1,1,333,595,-1
0,399,348,-1,-1,-1,-1,1,26,198,-1
0,399,339,-1,-1,-1,-1,1,147,450,-1
0,399,323,-1,-1,-1,-1,1,75,462,-1
0,399,333,-1,-1,-1,-1,1,232,89,-1
0,399,344,-1,-1,-1,-1,1,684,63,-1
0,399,345,-1,-1,-1,-1,1,93,580,-1
0,399,330,-1,-1,-1,-1,1,376,155,-1
0,399,320,-1,-1,-1,-1,1,812,63,-1
0,399,327,-1,-1,-1,-1,1,364,531,-1
0,399,341,-1,-1,-1,-1,1,727,353,-1
0,399,349,-1,-1,-1,-1,1,997,188,-1
0,399,338,-1,-1,-1,-1,1,526,531,-1
0,399,332,-1,-1,-1,-1,1,760,441,-1
0,399,324,-1,-1,-1,-1,1,794,592,-1
0,399,335,-1,-1,-1,-1,1,463,370,-1
0,399,340,-1,-1,-1,-1,1,259,330,-1
0,399,346,-1,-1,-1,-1,1,820,601,-1
0,399,331,-1,-1,-1,-1,1,319,319,-1
0,399,56,-1,-1,-1,-1,1,614,546,-1
0,399,66,-1,-1,-1,-1,1,403,599,-1
0,399,27,-1,-1,-1,-1,1,769,618,-1
0,399,28,-1,-1,-1,-1,1,406,466,-1
0,399,140,-1,-1,-1,-1,1,422,314,-1
0,399,155,-1,-1,-1,-1,1,734,201,-1
0,399,165,-1,-1,-1,-1,1,409,445,-1
0,399,151,-1,-1,-1,-1,1,679,242,-1
0,399,109,-1,-1,-1,-1,1,793,568,-1
0,399,124,-1,-1,-1,-1,1,472,224,-1
0,399,143,-1,-1,-1,-1,1,168,476,-1
0,399,127,-1,-1,-1,-1,1,819,327,-1
0,399,111,-1,-1,-1,-1,1,437,188,-1
0,399,92,-1,-1,-1,-1,1,175,490,-1
