360,418.0,457.0,36
360,400.0,424.0,35
360,626.0,137.0,34
360,280.0,171.0,33
360,634.0,450.0,32
360,556.0,241.0,31
360,779.0,192.0,30
360,137.0,190.0,29
360,371.0,489.0,28
360,635.0,449.0,27
360,473.0,554.0,26
360,12.0,178.0,25
360,585.0,420.0,24
360,558.0,508.0,23
360,415.0,232.0,22
360,430.0,383.0,21
360,824.0,441.0,20
360,981.0,181.0,19
360,761.0,91.0,18
360,806.0,493.0,17
360,861.0,318.0,16
360,834.0,557.0,15
360,702.0,517.0,14
360,202.0,405.0,13
360,792.0,186.0,12
360,508.0,401.0,11
360,247.0,514.0,10
360,125.0,348.0,9
360,387.0,291.0,8
360,274.0,558.0,7
360,757.0,308.0,6
360,354.0,104.0,5
360,408.0,605.0,4
360,225.0,479.0,3
360,144.0,434.0,2
360,185.0,444.0,1
361,394.0239497056182,453.00399161760305,36
361,411.9880251471909,401.02295180121746,35
361,612.0219538968167,452.9970062867977,32
361,367.00399161760305,510.9780461031833,28
361,28.983035625187107,171.00698533080532,25
361,391.0239497056182,231.00099790440075,22
361,808.0159664704121,422.0189601836144,20
361,753.0079832352061,102.9880251471909,18
361,789.0169643748129,475.01796227921363,17
361,840.0209559924159,329.9880251471909,16
361,765.0269434188205,182.00399161760302,12
361,236.01097694840834,536.9770481987825,10
361,265.0089811396068,571.9860293383894,7
361,330.0239497056182,105.99800419119849,5
361,144.99900209559925,408.02594551441973,2
361,182.00299371320227,421.02295180121746,1
362,75.97405448558028,223.9860293383894,56
362,408.9970062867977,558.024947610019,55
362,271.99501047799623,607.0279413232213,54
362,328.97505238998104,168.99900209559925,53
362,190.00598742640454,451.97704819878254,50
362,789.996008382397,150.02195389681668,49
362,716.9930146691947,473.0219538968167,48
362,130.99700628679773,394.97704819878254,47
362,465.97405448558027,298.0019958088015,45
362,108.02494761001896,143.00099790440075,44
362,358.01596647041214,329.9810398163856,42
362,551.9790440075841,380.0099790440076,41
362,549.0199580880152,293.98902305159163,40
362,477.9760502943818,395.99501047799623,39
362,520.975052389981,547.0019958088016,38
362,605.9760502943818,504.0019958088015,37
362,371.6889632782452,452.3558392005583,36
362,587.495534460066,455.99850082696827,32
362,362.1635126718936,532.989006064434,28
362,51.86090738556841,169.872718600977,25
362,367.8504773723847,230.0004997243439,22
362,792.8464802168767,403.84795483833,20
362,727.3957931324387,106.60940254991644,18
362,770.3315221437338,465.393595796147,17
362,819.8489784390692,341.9940033078731,16
362,741.3674340232816,183.0327593521496,12
362,224.1670101829632,556.6346660369074,10
362,264.3893558585511,596.0545247687332,7
362,306.01199146652425,107.16054047551651,5
362,145.99950035556148,383.689912984533,2
362,179.83998483917597,396.3345735083186,1
363,794.9980041911984,358.9780461031833,61
363,698.9760502943818,133.00199580880152,59
363,233.99700628679773,407.02594551441973,58
363,853.0,618.975052389981,57
363,105.34095286804047,248.89298484452885,56
363,420.3833601252889,543.0740140181457,55
363,278.67447358952836,585.7216728879948,54
363,353.14902298317674,167.4841200482691,53
363,185.67996967835197,474.15004626429436,50
363,796.5134591398273,125.49561370817906,49
363,724.8349883947909,450.1725338597704,48
363,133.16001516082403,418.8269664158857,47
363,489.47155152701737,296.83945952448346,45
363,82.17400520510235,142.83895980013958,44
363,343.6849661227371,348.9905052374657,42
363,526.4945351711889,304.994503032217,40
363,500.3110367217548,403.5128816056674,39
363,629.9880085334757,501.1625393728921,37
363,356.04840838382154,467.22086594432625,36
363,435.0643249892589,357.8023305114917,35
363,562.575574130477,458.9990973051601,32
363,357.90424445035217,557.8464670079828,28
363,343.39078595769575,229.00030089828,22
363,777.1017691833569,385.1026845767737,20
363,703.9788401412757,108.18072550820787,18
363,748.5308629610053,459.2476232665432,17
363,799.8166612709288,357.56274768331826,16
363,717.5361175484998,183.43609541998677,12
363,511.9995556693536,400.0001110827227,11
363,211.47957186386094,578.6052093017441,10
363,262.9660096530782,619.5788427703496,7
363,280.5804390021614,108.18915900145036,5
363,151.9934200723273,360.34157345179443,2
363,177.09786032144598,371.38644225646016,1
364,75.97405448558028,227.99700628679773,63
364,650.9770481987825,235.00099790440075,62
364,796.1605148052626,382.6659262160253,61
364,722.1495226276153,130.16253937289216,59
364,236.16001516082403,384.36683313612434,58
364,105.27124557423915,269.8227235096613,56
364,285.6191905026414,563.35052369015,54
364,180.19572064289198,498.3226552151776,50
364,800.5762834232825,101.28917384872612,49
364,733.5216308628809,427.19638056016987,48
364,137.32891703684336,444.22986192662137,47
364,513.9879187678647,295.097569306014,45
364,59.050724803180614,142.09726840773405,44
364,328.9121161388911,369.4208263177516,42
364,596.786735656022,360.93494101187105,41
364,505.0017501253954,315.2834184263846,40
364,569.1282940245494,543.000712149749,38
364,653.2793949604046,499.6169059796415,37
364,342.9122821944622,485.8219689001418,36
364,446.2356068434311,337.2900601247689,35
364,538.8051671913612,461.99939431936747,32
364,353.814142119116,581.6394639164789,28
364,448.0015622642934,545.0005624156328,26
364,319.1860127557427,228.0002018935442,22
364,761.8127013187951,366.81317382734323,20
364,679.4170238394248,108.60033481599956,18
364,725.8602948274471,452.1665747714671,17
364,789.784214391049,379.11685568234606,16
364,693.0141832318322,183.01073295101176,12
364,501.063490552992,395.2061890159323,11
364,197.93613792323302,598.1355032240593,10
364,257.2394894886704,109.80740924980714,5
364,158.77508810436083,337.8849813935064,2
364,175.43289565230776,347.62026962530723,1
365,97.79457971529646,239.3831015849249,63
365,674.8269940837747,233.16203964854824,62
365,795.7622743228054,408.040402026891,61
365,745.8958253631596,128.61690597964147,59
365,238.90213967855402,360.822236778167,58
365,296.98861690378953,543.7521141556379,54
365,399.5001102175043,162.71913255035747,53
365,174.99735027160662,519.9517168246816,50
365,807.6677671456174,79.05573353057846,49
365,138.9552642489812,467.5757434621994,47
365,537.5608419904011,293.18723981268255,45
365,35.45764741347705,141.18703791913833,44
365,109.00087486800429,200.0006249062586,43
365,320.232988717903,389.0068658976812,42
365,618.2839922790341,351.09811242768296,41
365,483.19292411662605,325.3699264090941,40
365,545.2059173647922,416.9207436525689,39
365,593.8028094950989,539.0032676850504,38
365,676.3668638205613,498.44142052341414,37
365,330.1074358274671,505.1462952234493,36
365,457.31926970998023,316.47408770690373,35
365,515.4757817956562,466.11157133816704,32
365,350.3424572730111,605.0136575960115,28
365,461.00776478433056,542.9094134757208,26
365,294.52695345735816,227.00014555675904,22
365,746.6962489548049,348.6960874386329,20
365,656.1301525893136,110.29521245814927,18
365,702.3334256369304,446.3550138245744,17
365,785.1681585718325,402.8863028507157,16
365,668.781894647704,182.26521162418342,12
365,483.6468741102492,389.29370484390654,11
365,184.08004465455522,620.6373523810452,10
365,233.57921891435714,110.53771455940827,5
365,173.06023716438335,323.74737116397705,1
366,70.00798323520607,315.97704819878254,67
366,106.81283995304723,261.3740213280197,63
366,699.5168199559137,231.9033333888259,62
366,796.7964728226057,431.39063414325767,61
366,757.3522269013853,114.36888221081304,59
366,241.81273170303152,337.0082988583652,58
366,422.45670558365504,160.4125507439053,53
366,170.46621271625557,542.8406752680562,50
366,813.1216632921132,55.89797654297745,49
366,761.1878851541564,389.48534015487314,48
366,144.626410871921,489.58200382799356,47
366,560.7797943707337,290.65956856729974,45
366,12.785249158679603,139.65942301054065,44
366,117.9140195522986,211.18178026820334,43
366,314.39393524467533,412.1586721723843,42
366,636.6867898829433,336.6582364251974,41
366,460.70897788149045,333.7176416001512,40
366,567.9472377009279,423.82405300405753,39
366,616.9588038754451,537.3020259763096,38
366,317.91189929679916,526.7231014473198,36
366,468.3501318862135,296.59510763881553,35
366,492.84798062425557,469.1987171837305,32
366,127.00027775729318,219.99916672686024,29
366,349.681022566383,628.7039966536843,28
366,478.12408688643933,540.8565324109182,26
366,270.68249183558964,225.49384143460537,22
366,448.99947226114296,379.0001111030853,21
366,731.6545636393528,330.653431900717,20
366,630.9009183149683,111.06744434602226,18
366,678.9534358225746,439.06112871766,17
366,778.3278347181347,425.0522357057144,16
366,699.000083327188,511.00016665462795,14
366,645.186122240958,181.3776316848416,12
366,211.29047815088055,113.40282270904062,5
366,171.21267850911312,294.92186064377506,2
366,171.88834523465306,298.81018356485777,1
367,72.90431393169388,338.98850634009005,67
367,112.2388318697482,283.81836080182893,63
367,723.1930031876133,230.19086404354044,62
367,797.8243565061257,455.07818811825564,61
367,761.9719203929927,94.24689846354931,59
367,244.22815233223784,313.6464048376382,58
367,445.9808698208279,159.3327259620191,53
367,163.6951490519243,566.8063329356611,50
367,817.8315789504633,32.31890506243099,49
367,774.906904691562,372.296106021794,48
367,155.15349966907942,508.4685988650326,47
367,309.77739458212346,434.86902838123297,42
367,649.7155888144564,319.2873607284464,41
367,438.4339862425068,344.3350198466861,40
367,591.8708092658784,430.24627128912465,39
367,640.0046476647703,534.9632435591892,38
367,309.7510521983087,548.8888825498376,36
367,480.76222336874,276.7144659779712,35
367,469.62642059930624,472.7049932568927,32
367,135.3548275432121,231.60922373882627,29
367,498.42122676385634,539.3100477835017,26
367,247.24914250326788,224.67215561095392,22
367,435.8315884197702,374.5278118051914,21
367,715.2375838621839,312.1770389571743,20
367,607.0605400398778,111.85925216021845,18
367,655.665089499134,431.94442353032616,17
367,773.1198318218875,446.37013372661045,16
367,710.8262908527489,517.2106775989686,14
367,621.4365680095481,180.42149633320014,12
367,194.38459604905597,125.29632380113596,5
367,178.28499346501857,269.9551712528928,2
367,168.02621480593345,274.27776392952325,1
368,264.9780461031833,307.0069853308053,71
368,961.0259455144197,244.99800419119848,69
368,71.82980644227227,359.85326426195365,67
368,114.19200254099529,305.7773533418699,63
368,747.5940189479685,228.8628277007701,62
368,797.8323680661642,479.9325633411208,61
368,763.6296111108463,71.60080418941308,59
368,470.206080146793,157.3552791034446,53
368,158.15125232170408,589.9017312672795,50
368,819.8202853327863,8.52927360220872,49
368,790.6522783839197,354.5994956419853,48
368,169.96850038102346,525.8151258853909,47
368,608.8726976267762,287.5563072795314,45
368,304.78759415415567,458.2731079449087,42
368,416.26894030792994,353.7546589072587,40
368,614.4276188827739,436.93783957195296,39
368,663.9273104375005,532.3162362224057,38
368,304.1957593794624,571.7540510326079,36
368,494.3683845099622,257.26896115227345,35
368,444.75181024510795,475.999896636426,32
368,147.79150952717893,244.61112291440654,29
368,632.0000468728467,428.00032811063795,27
368,189.46326089897374,159.60617925174213,25
368,542.0002499885162,536.9995468948333,23
368,231.9824534439183,233.87711707443498,22
368,420.638453660345,369.7388524164147,21
368,699.838380602434,293.90322097828897,20
368,583.9904426537225,113.11322365428396,18
368,632.879347663623,424.9175475016179,17
368,768.3164582214442,468.52238374886554,16
368,726.2537315280622,524.939888204772,14
368,187.13328244707333,245.5015398623226,2
368,164.02279295904017,252.16292924604502,1
369,841.0009979044007,607.0259455144197,75
369,338.0189601836144,613.0179622792136,74
369,775.0079832352061,613.0209559924159,73
369,287.8274937282132,305.0342585251814,71
369,938.3669343788431,248.6759207029035,69
369,73.30662613397864,382.6018054603623,67
369,115.69444225175849,328.98019367286906,63
369,772.3199133331406,227.2014366178493,62
369,798.2696390826704,503.96347676997084,61
369,762.9609300015092,47.78985185153608,59
369,241.68263914992738,269.8383666500761,58
369,310.8653855002133,478.9304559994367,54
369,494.7994003967597,155.7975949592265,53
369,152.8414384947786,613.397683534251,50
369,807.4695364142224,337.2394765973287,48
369,186.6273327795743,542.796853314867,47
369,632.4255496323731,285.38724265953726,45
369,300.4416243193622,481.5996270450567,42
369,673.599995610178,279.86844897612895,41
369,387.54476899483063,362.0848997082857,40
369,637.6092383553316,444.2067540293585,39
369,687.8871100357985,529.9415976876702,38
369,768.4125261252659,490.22111991226683,37
369,300.9417588381936,597.0527509233483,36
369,508.23993596364306,238.06805606377284,35
369,420.59933228805886,479.1722574105004,32
369,160.7927948156796,260.5654315513178,29
369,555.7356341473493,536.7673645682207,23
369,408.7525814949482,366.2151788775438,21
369,683.7741052142252,275.33077864273827,20
369,559.6926915398458,114.64111147697209,18
369,609.971896120479,418.35248109212245,17
369,742.674319775481,533.5520006883273,14
369,573.0578522285351,179.5922244316443,12
369,194.37719621895715,222.50562784094933,2
369,155.7561379825438,231.84998165182597,1
370,403.9810398163856,497.0089811396068,77
370,755.9890230515916,11.00598742640455,76
370,841.6774714561594,582.6899129845331,75
370,322.3634368677735,597.5243752655774,74
370,762.8115676262058,592.8489542870178,73
370,312.2305093167438,303.15026980736235,71
370,914.1090395085249,249.766789837277,69
370,73.5105814579009,407.73859002753824,67
370,356.9992222795791,352.00049996388384,65
370,118.92398154808234,353.7044378320817,63
370,796.264764712442,225.84129786685904,62
370,798.0617658921194,527.5433390296981,61
370,758.0207440124183,36.59270200554229,59
370,518.7658416786078,154.47782644602356,53
370,824.5124450754612,320.0933819601014,48
370,203.45899074576465,556.2738593162495,47
370,125.3136138012484,222.5780898687884,43
370,296.4423532673813,505.2838333920313,42
370,367.61571966629094,373.5346826287588,40
370,658.6320822306498,453.05044989667323,39
370,711.0276998756723,527.3084251451559,38
370,295.82158463744094,619.0091712304948,36
370,522.6637996779951,219.00651262590122,35
370,397.2910882957818,482.27117934991514,32
370,571.562734392131,536.7329326832842,23
370,670.1192526039874,253.40362547574998,20
370,535.8589148199115,115.9407663572743,18
370,586.9944070804405,411.6628465547225,17
370,746.7303913826731,500.47047787373816,16
370,753.1322256942117,548.263498091216,14
370,201.96656263736733,200.72041697161507,2
370,156.9734307578035,205.0638692137411,1
371,759.0,593.0009979044007,81
371,225.00598742640454,316.97505238998104,80
371,428.02142219083095,486.32757736750386,77
371,842.6209945927541,559.3415734517945,75
371,304.39354605758206,581.7228620824731,74
371,748.5238933175226,574.9563731434761,73
371,893.1170765532097,252.6075700378984,69
371,71.606733009493,432.4126137896329,67
371,120.49277726880617,378.7800015460029,63
371,821.5477104816466,224.2061798721589,62
371,798.3216169668394,552.1112640174666,61
371,543.1552866438602,152.9031220485687,53
371,841.704708320772,304.6707481706568,48
371,222.75670410838956,570.4525564380017,47
371,679.037793546036,287.71974849408844,45
371,115.87037344605953,218.8796124866867,43
371,293.0323665805691,529.1726269522571,42
371,693.5147797512452,236.1600480721676,41
371,346.60154698255144,383.6871042434763,40
371,734.4783587369071,524.9179954210096,38
371,373.3494610494109,485.7069545890573,32
371,549.0000578495735,219.000181813518,31
371,158.77697394292912,226.43613570984522,22
371,653.7081133783523,243.5235921286532,20
371,512.3209974390761,116.71919294003125,18
371,563.588573230009,404.8902194213117,17
371,729.7770304583914,509.69624866447907,16
371,527.0445613771489,182.4763237505259,12
371,208.99447017205384,178.13740683817466,2
372,258.9790440075841,573.9870272427902,90
372,220.98702724279013,322.98403352958786,89
372,637.975052389981,528.003991617603,87
372,869.0149685660114,608.0199580880152,86
372,730.0049895220038,88.97804610318332,85
372,89.00099790440076,595.0229518012175,84
372,297.00424766272357,619.0029983508995,82
372,759.8384859058605,612.1235415434398,81
372,224.03391330179375,339.4721266640152,80
372,450.0028140646037,476.09550137307605,77
372,842.3845027328352,535.0174759202778,75
372,286.3732972816281,565.197345860008,74
372,733.6701894693927,555.834981364473,73
372,360.46393939313265,299.2444844898664,71
372,870.5683975426605,262.7889909363174,69
372,70.05622784071613,457.3061647423949,67
372,122.80866962294164,404.4413759056067,63
372,798.4662274838838,576.0827776314646,61
372,567.0329588012374,151.16856294878716,53
372,861.7010028017145,293.74625493254626,48
372,573.0000495853487,219.00016528501635,46
372,700.655943755223,296.04055922725627,45
372,102.23379475377534,211.1676986453679,43
372,701.9024524163806,213.03148915234254,41
372,326.4452063481458,393.789637374695,40
372,697.0251714654636,477.30058384712896,39
372,350.1287465670612,488.6194204738682,32
372,139.02028458928115,233.76946224023808,22
372,634.008339112216,237.27754649996828,20
372,540.6638156029347,398.0606632896823,17
372,709.3093832503532,516.2925043744909,16
372,505.74345644297705,190.05064080065648,12
372,217.17255475147059,156.15964970930295,2
373,306.01496856601136,307.0199580880152,93
373,162.99600838239698,596.0229518012175,92
373,961.0269434188205,144.00099790440075,91
373,288.3743665253957,582.8012032045508,90
373,239.024420057462,340.66892456208876,89
373,662.9875088890371,526.5173791247627,87
373,853.1690087607172,588.0099944868782,86
373,724.1640123163321,111.82746614022962,85
373,89.67747145615941,572.01149365991,84
373,216.01661035272713,362.2750316295671,80
373,471.9955693373318,466.622794053199,77
373,842.2556193193207,510.31650237582727,75
373,269.4542771980295,551.1759345402431,74
373,717.5173636037598,537.3472060030982,73
373,384.07513122007185,298.01725061460223,71
373,850.8573721007783,273.69452536883387,69
373,70.91389996531294,482.30839379122386,67
373,125.60451676252175,428.84082410990885,63
373,869.062531585282,221.61161777706099,62
373,798.9276422194323,600.4447961417109,61
373,591.3328857494212,149.33166871035542,53
373,884.2417873281322,287.1525578970139,48
373,243.4603892213854,620.9074681230069,47
373,586.9490750147636,217.07888740010276,46
373,721.2739164770427,305.11920784799617,45
373,274.8450244595933,564.4866041750319,42
373,711.1911046903449,190.6427244298721,41
373,715.0771676824533,492.3887769328663,39
373,122.62893105503501,246.0670517991346,22
373,612.5186449597803,233.72039768191595,20
373,464.39489253978195,119.18284803718913,18
373,687.721322003777,521.4725409890142,16
373,485.267049420528,199.41345957465816,12
374,918.9770481987825,303.0029937132023,96
374,758.9920167647939,458.0219538968167,94
374,289.3305228548568,288.68691463846955,93
374,165.32102961052507,572.1730335841143,92
374,939.0444058350025,142.16203964854824,91
374,256.4313955130057,358.6156640314997,89
374,690.1326489952978,525.431921199089,87
374,836.4807745906028,568.7192896581352,86
374,717.4777677737483,136.23016282490133,85
374,290.97196418968855,599.4082989743761,82
374,493.9926342950367,455.768030221532,77
374,842.6863310676362,485.44835960475655,75
374,250.49275692899758,538.268852447086,74
374,407.88051844126875,296.8616992192978,71
374,830.2102614567315,285.3782289983065,69
374,71.48779587810151,506.9489956820337,67
374,720.0000099996715,133.99996000120112,66
374,127.55661892332239,452.43456201900733,63
374,891.8196862236554,219.660188082766,62
374,799.5942144557972,624.6866094867551,61
374,263.4473243644236,155.69244385466362,58
374,615.1738535759138,147.78812475076833,53
374,253.77934562999314,631.4179368621897,47
374,741.6226043916329,316.04965259365144,45
374,733.5447461935167,508.0686904986541,39
374,302.4126306342184,495.49202499503787,32
374,605.3712715911672,217.17223055118868,20
374,440.1349434901462,120.49087357015637,18
374,493.92883240616646,384.1099130850475,17
374,665.297287495054,526.340271857009,16
374,464.61555882980684,210.07001478424752,12
374,43.69131670045494,168.6381904706914,5
375,556.0229518012175,256.0,100
375,108.0119748528091,304.9790440075841,97
375,941.9885081779142,300.83995924882737,96
375,765.319031032771,434.3340737839747,94
375,273.09720499335776,271.33976806211456,93
375,167.37810336218956,545.3435946883075,92
375,911.4497020264109,142.32987677389713,91
375,365.2498862701233,621.5988424292243,90
375,271.76212448902356,374.7586418050925,89
375,709.7832863914398,530.0473903564051,87
375,821.4281985859599,549.6318906328036,86
375,712.4261837058391,159.82094900456272,85
375,90.78819294216416,522.6473124970044,84
375,204.4390384496377,409.6722979483555,80
375,516.498964099347,445.8139805200152,77
375,842.9285367966941,461.4362046672361,75
375,230.0364028295164,525.4333048779549,74
375,684.3278181111609,506.5360432577017,73
375,432.22407941536414,295.34079152545627,71
375,809.9198443591928,297.8817978369249,69
375,717.6710758457115,136.4549276348222,66
375,130.11021160036216,475.13261227944986,63
375,278.9960308808954,143.59760248465196,58
375,639.0672432123415,146.08883261907494,53
375,761.389436151291,328.267745680235,45
375,269.4309489606456,609.4606705815111,42
375,752.1564594383185,523.9160385224602,39
375,278.41605260170434,498.85510643859635,32
375,415.97977257699193,121.69279998268327,18
375,470.7222096816151,377.2913007794513,17
375,444.2740317428631,222.0372542041759,12
375,22.443349319324405,173.86514489138077,5
376,601.0229518012175,512.996008382397,103
376,756.9990020955993,35.9760502943818,102
376,532.1730059162253,255.16153992420433,100
376,97.68296754498303,325.1510457129822,97
376,965.7064730003793,298.8111418968296,96
376,773.5170666728818,411.8126847432514,94
376,257.0013941871676,253.63876638342217,93
376,889.7142859045084,141.20156591856116,91
376,292.42757024035427,386.3275752973523,89
376,731.0618535082347,539.0110420263009,87
376,806.9972749003255,532.2836684106802,86
376,706.8825352119418,183.09423419338935,85
376,92.27847528308743,498.24103466075456,84
376,303.00058329031566,610.9996389149728,83
376,198.42272212753886,433.6219729949456,80
376,537.849402231399,435.84624775298266,77
376,843.0666648231072,437.88883084380836,75
376,210.1023793510019,512.6194899415092,74
376,663.7300218358571,499.36763598394674,73
376,776.0000246904119,361.00017283331397,72
376,456.0219975801905,293.6346137993586,71
376,790.2457569809121,310.8224430018855,69
376,72.37212559394032,553.025521725558,67
376,719.4343204655221,126.77170835441414,66
376,137.12279104090234,495.08497633869115,63
376,938.9428000116415,219.1811131790666,62
376,662.64084221628,144.28434789385247,53
376,252.61196573448765,628.9708696474703,42
376,252.46636926625106,444.98446433152606,40
376,770.1028079619045,539.2514697126409,39
376,254.79143380983905,501.72844180269846,32
376,391.8689122734895,122.12606566128702,18
376,448.3381664289183,370.7571301050128,17
376,426.27944469985886,236.2969600106394,12
376,4.99844387903024,175.66375714796226,5
377,373.99600838239695,578.0239497056182,108
377,337.9780461031833,149.00399161760302,106
377,578.8499777279462,516.1595410268287,103
377,754.6455567321198,59.98800661574613,102
377,508.196568723231,254.18976079801033,100
377,86.19752473300466,346.60998531920194,97
377,989.6236662428713,296.81529446814665,96
377,782.2533608971878,390.8757732556029,94
377,241.51547413270535,235.79366943748028,93
377,173.65031052196625,501.16155215223927,92
377,865.7478796097967,139.57623341779959,91
377,314.46196720715517,395.36761835595473,89
377,751.5852484976565,548.3415779567231,87
377,791.3145744613429,514.184781655318,86
377,698.576422598073,208.75581010635133,85
377,94.00395551414434,475.1057773214645,84
377,314.2316960863747,608.259258290269,83
377,192.9226862728083,457.0903456000118,80
377,559.4528521139015,425.4311583518292,77
377,842.725353932655,414.1893962819702,75
377,194.255682915786,501.05212577307395,74
377,641.3155068055243,493.30725029035847,73
377,786.8602539314597,368.40327633046115,72
377,770.5339147894675,324.3929677008471,69
377,71.69630036715103,577.7219599223419,67
377,723.1941964041373,112.00818928024528,66
377,147.49132956354063,513.9162598402847,63
377,962.91466557577,221.57737108633134,62
377,686.6975768967234,142.40850765178905,53
377,238.17414634620317,462.54030292998584,40
377,787.9457302380864,554.9577685259426,39
377,231.03540115342633,504.98537046431835,32
377,367.77992850958304,123.74130928288787,18
377,425.3855649188871,363.7248041462555,17
378,717.975052389981,210.00099790440075,111
378,405.01496856601136,294.98203772078637,110
378,362.5044655399341,146.67891904896697,106
378,224.00044433064642,525.0003332481681,104
378,553.2503192385763,520.6151005899616,103
378,739.6307039507178,69.72734459056845,102
378,483.5668562465268,253.18531121248594,100
378,81.84950965404506,369.05927879630747,97
378,798.4195033649205,372.1967321497725,94
378,225.28632814277145,218.3867069380386,93
378,176.22434965704107,477.861185960591,92
378,841.7774424993174,139.25129345403693,91
378,337.15236335786284,402.715735852783,89
378,772.6876612224679,559.6710553359552,87
378,775.9387972992287,496.1665457624796,86
378,693.5901189875215,231.39222182527809,85
378,94.92898640309464,451.1028430488039,84
378,330.5495356594508,607.3941356712679,83
378,253.83890656076505,577.1053848677847,82
378,189.4448394732904,478.56101009328944,80
378,581.2060743706116,414.7590326058052,77
378,842.8982254013587,390.3943103873217,75
378,175.66262154931823,484.2682657442492,74
378,618.1559599712161,488.9871165390626,73
378,797.4789080025457,377.40717338254024,72
378,504.31628722830993,289.8825132557148,71
378,750.0136225479763,337.56585793971914,69
378,72.07100378590047,601.7512961642832,67
378,162.97143403368187,532.6892339741545,63
378,986.1368316493441,222.60798809046497,62
378,710.0478469689867,140.81668243116087,53
378,224.6576434540011,481.1932581769406,40
378,343.3573890053157,125.15670873032137,18
378,402.06023892711283,356.7058295162065,17
379,80.97605029438179,113.99800419119849,114
379,742.1490229831768,209.0004997243439,111
379,390.8459805724381,313.82946503760525,110
379,376.41015480540767,530.0085457969882,108
379,387.4244258695231,146.04822538217047,106
379,224.2285094387579,541.3963109308406,104
379,529.1693508992927,524.1952055133298,103
379,459.25223846940446,252.7279772833853,100
379,79.06793551824948,392.984455523541,97
379,812.3040546932955,353.4949755513947,94
379,209.62224229451945,200.7278523418333,93
379,183.44514761958075,453.23053954696405,92
379,818.7432003249179,138.17344081300757,91
379,360.6132778701418,409.62882540872687,89
379,785.7323082695424,575.110046758346,87
379,758.0828036697546,482.57502079947875,86
379,683.3566931311043,249.74903388072187,85
379,254.40538133720077,566.3236317036482,82
379,603.0514412906057,404.7284615507009,77
379,166.97336244136076,464.23390571266265,74
379,594.8537805860785,485.4328215502912,73
379,804.6216293026024,391.9853978539483,72
379,528.1202853352529,287.978571049514,71
379,71.20333626437687,624.6856054905244,67
379,212.3092097792297,500.0853599942782,40
379,183.74725358241017,508.87749904358964,32
379,379.5097577198777,349.6965918130313,17
379,798.2944424453336,602.9402592231354,14
380,796.024947610019,138.0,123
380,743.9920167647939,21.021953896816687,121
380,283.9780461031833,551.0109769484084,120
380,395.9780461031833,599.0079832352061,118
380,101.63406491003394,123.54514123347315,114
380,766.1821360023295,207.28702920574437,111
380,376.1014685016714,334.23136641802125,110
380,377.4250458283787,504.6734214020076,108
380,411.19483280863875,144.64088702422558,106
380,215.7983789033214,550.8522414388729,104
380,505.67951306434696,527.4408007733786,103
380,435.5916311358336,252.00947186865696,100
380,75.41533588534692,417.5542807407823,97
380,822.6467304682699,339.91051080971135,94
380,193.38345239570998,182.92925173399894,93
380,185.68833222383583,428.86873669330447,92
380,794.8911229446139,136.684584768739,91
380,384.4956024057533,416.33068856034794,89
380,805.8768003499713,594.9399961870218,87
380,737.9589555025952,471.9308891075097,86
380,667.9972061830523,263.99884183078063,85
380,96.30691119302675,403.65443847059043,84
380,342.4846307654065,608.6905841154814,83
380,237.40534205435077,564.9789697612815,82
380,624.9551292088535,394.71677506523224,77
380,838.7666662954481,340.1866799057364,75
380,570.6748423479593,482.0268662045862,73
380,552.3920775529784,286.0376083352116,71
380,719.9948084976847,369.1270160103635,69
380,757.0165554896444,137.2789227390092,53
380,199.14611267303974,518.6606312376414,40
380,365.6889485490261,333.4866428273442,21
380,295.89806826665136,127.6867505474916,18
380,800.7757961096667,622.3298633566992,14
381,664.0219538968167,64.99900209559924,125
381,812.9990020955993,460.9760502943818,124
381,767.658547487521,138.83846007579567,123
381,305.1505219164923,541.6824171193743,120
381,710.00474738775,66.9970016491005,119
381,419.6659796340736,595.1962981737296,118
381,117.4710637425439,137.85790948402516,114
381,224.00131230200643,600.0001874718776,113
381,788.9343711442777,205.37234913162425,111
381,363.05812718612225,353.1992547543299,110
381,379.01292851930646,481.81185680358425,108
381,435.63750873402626,142.92604538996133,106
381,209.9027344436858,556.1513518736127,104
381,481.94736485557235,532.0588867695711,103
381,411.3195721632174,251.62705263503665,100
381,76.9300506281286,441.02364980923255,97
381,821.7769626507346,326.43963961474213,94
381,177.2308316125902,165.04925418869297,93
381,187.36198308969955,405.05661635889646,92
381,407.4064413385038,422.5401000121746,89
381,812.2781538463419,599.4875590020989,87
381,716.4784381323256,463.42386361430255,86
381,649.9665978372228,276.2117595014165,85
381,99.34225391763317,380.3315787783619,84
381,339.3132345836349,601.7799821155219,83
381,231.7686604750278,559.1171919766783,82
381,646.8964821327689,384.7163162008821,77
381,842.3660322115734,317.93156146861213,75
381,546.2931920070641,479.43659482483054,73
381,576.1986299494985,284.07511582046556,71
381,781.2613805335484,136.09364696151374,53
381,355.0906419573942,322.0574774974366,21
381,271.7089169511217,128.7429563385038,18
381,793.1673350475963,631.5138002006652,14
382,614.0209559924159,272.98902305159163,128
382,726.0049895220038,431.9760502943818,127
382,640.3340203659263,66.83796035145176,125
382,811.4840426379801,484.98800661574614,124
382,327.6098154056752,531.9105165925235,120
382,704.4959426548155,86.06529525108758,119
382,443.61407891398875,594.193418273795,118
382,134.4567589951704,155.33856458336666,114
382,222.72945148442835,611.8179220691159,113
382,812.3227651269075,204.49940830237009,111
382,348.984493535556,372.72878402666237,110
382,385.38436990854126,460.437684923356,108
382,459.36688935898866,141.57679346231893,106
382,205.2355360740764,569.8678389755221,104
382,457.62155494219644,534.5539088734166,103
382,387.15491974141565,250.98726909800504,100
382,77.25334140224732,465.20041115175843,97
382,814.0295068255014,309.6696439226852,94
382,161.53333293087545,147.5171077179311,93
382,187.88830619497705,380.37288004813615,92
382,746.5041241013315,135.31712594454385,91
382,431.2424284558766,428.85112326413673,89
382,693.7816028018547,455.44444075300174,86
382,104.38207088758938,356.7208746992404,84
382,330.1404547691031,591.3494137384284,83
382,236.91957451900052,560.8720818293614,82
382,166.19149390551377,573.7600454279301,80
382,669.2305054444408,375.0816425296457,77
382,851.4305424761412,297.9660083776409,75
382,522.1500321982827,477.01622757918955,73
382,601.1513853206342,281.4005545972897,71
382,798.2719317504877,127.90888276082629,53
382,342.5826052560079,310.36229033651927,21
383,182.00598742640454,357.02594551441973,130
383,760.0159664704121,556.0189601836144,129
383,591.3335207214878,283.1560429564213,128
383,722.6794700339135,455.98800661574614,127
383,616.3859210860112,68.8099383037097,125
383,812.4222131682902,508.9927784412805,124
383,699.3333997023695,108.29595642451787,119
383,468.24830954156647,590.8461082496358,118
383,149.68942532513432,172.28178488213442,114
383,836.5122194284304,203.0808327158637,111
383,334.4416263043423,392.51002139140513,110
383,394.59407566692016,438.8707616710804,108
383,483.6772390042742,140.40892814202522,106
383,201.25860426387658,585.4800480207181,104
383,433.85631104391643,537.2136793210558,103
383,363.4727828084841,250.61375789201637,100
383,78.52419795849121,488.11542787929295,97
383,143.40665143497174,130.96462693215005,93
383,191.19382096308183,355.53360410971266,92
383,721.848011346943,134.64049004760872,91
383,454.1554988523197,435.2495449786292,89
383,671.0784080891634,448.5026549197836,86
383,109.85852099565027,333.3444928925843,84
383,160.3705317987111,598.0600880790726,80
383,690.7441229474254,364.9875069787159,77
383,863.5655844561486,279.0791191081323,75
383,497.4750887902513,475.029160834193,73
383,624.7529362699729,279.9552892392475,71
383,330.0640926912483,296.7644013519336,21
383,223.63691157696718,130.97901343864393,18
384,788.0,67.02594551441972,136
384,280.99501047799623,609.9770481987825,135
384,761.0159664704121,278.01796227921363,132
384,178.5184555842124,332.689912984533,130
384,745.684966122737,537.84795483833,129
384,569.0990090834705,292.4731792243949,128
384,718.1954199612065,479.9927784412805,127
384,592.3745041361032,70.8144868939699,125
384,812.8224801250008,532.9951545549396,124
384,371.8537329890223,511.2737283274914,120
384,492.01983839650154,588.2573438483853,118
384,165.17260486841573,189.43914799192368,114
384,227.51560978335436,624.9966257582596,113
384,860.1642429392618,201.8548763104318,111
384,323.8950173270374,412.88266099882986,110
384,404.89643430373803,417.1935109526268,108
384,506.98056585786946,138.89752727399994,106
384,410.836142023485,539.975480941854,103
384,339.2791803865468,249.60593023398454,100
384,80.34071460393352,511.8546472309834,97
384,135.02030661856384,121.31616969188178,93
384,194.03188218457757,332.0759395723699,92
384,697.8637084744404,134.22385983595825,91
384,477.92076084455243,441.36376995450627,89
384,647.6589690133488,441.84464636460814,86
384,116.77951209248701,310.11483280231766,84
384,154.9172766098676,620.9470272355882,80
384,707.4349140473761,350.4613727499371,77
384,473.5044457807888,472.6371850178049,73
384,647.7776557824151,279.6753620518205,71
384,200.63735221849774,132.95363821343926,18
385,283.01796227921363,243.0169643748129,139
385,789.6769718117209,43.52837306032868,136
385,282.6435581543657,632.1500462642944,135
385,745.0079943110162,259.17053496239475,132
385,176.1462336358603,307.20175837418765,130
385,729.4853387806018,518.3894128842381,129
385,704.0321299408804,492.79012171556724,127
385,568.3460337193884,72.27187715985568,125
385,813.567681651461,556.4405026335609,124
385,393.3720333092313,501.07010284272155,120
385,689.9054822528893,153.7350763673805,119
385,515.398872998748,586.5099518838715,118
385,182.21226375218296,208.07775426978947,114
385,229.92257014974837,616.7058085888536,113
385,884.404770782229,201.17220541536742,111
385,316.40116641695823,434.0102977016805,110
385,416.21975965103877,395.85997671829296,108
385,11.000024690411864,133.99971605955562,107
385,530.9594325673395,137.18641329956068,106
385,929.0001499950727,281.0001999939945,105
385,386.6585392835885,543.2002883368133,103
385,315.1517251239116,249.34865163844083,100
385,79.75883001602865,536.1056852335913,97
385,111.70310727275769,113.64641342414048,93
385,196.56053971607477,308.8035320016551,92
385,674.2535694718449,133.59478205787295,91
385,501.16620314569167,447.6548940518684,89
385,624.1416971677576,435.3431073607773,86
385,123.57146628546847,287.33529496955646,84
385,721.5174776059697,333.5955814068309,77
385,449.34591021301236,470.93914831426986,73
385,669.7132646737962,284.1350900097734,71
385,181.89498375246822,140.8393011153819,18
386,21.98702724279014,209.99800419119848,145
386,672.0259455144197,487.9970062867977,144
386,239.01995808801516,521.0109769484084,143
386,268.362937223335,224.33157516225518,139
386,788.7671391944899,19.725269268712903,136
386,729.7181995861118,240.90844865958556,132
386,173.45158861779535,284.49143040538496,130
386,714.6166920399177,501.052826538652,129
386,526.4865339964189,312.8688494281848,128
386,544.3141467714048,72.97787954909873,125
386,813.4496922586193,580.6509585953733,124
386,415.14160780023565,490.47855263020386,120
386,685.0313216261067,178.43179350637604,119
386,539.0520559960119,584.238715758026,118
386,365.9999183719964,635.9997755225775,117
386,197.9017295205758,226.17737591102545,114
386,231.6073888348412,600.7527465382724,113
386,907.7278322350643,201.6311467641884,111
386,310.22828960124593,456.8115900769378,110
386,427.7229529608986,374.72502559770294,108
386,554.5465279296915,135.75211570700014,106
386,942.6453737266147,280.14175042982896,105
386,363.3043429900841,546.333938894172,103
386,291.4444541129227,249.20231793362964,100
386,80.24907086945177,560.310191558473,97
386,87.38399713253379,108.30836027503707,93
386,199.2431724298391,285.6519298386062,92
386,650.881771932842,132.8387476206116,91
386,524.4042488435989,453.7349220296615,89
386,131.34789407828606,264.16450377505754,84
386,734.5080236024215,315.4701314180335,77
386,424.3819135049601,469.0459584588472,73
386,690.8885736438796,291.88108801991035,71
386,165.90590707147942,153.1613870796285,18
387,238.9950104779962,560.0179622792136,147
387,855.0,601.0229518012175,146
387,46.732307304345575,223.73744161245145,145
387,648.5284484729826,490.99850082696827,144
387,220.68696470049113,509.1670368919874,143
387,252.10663405504133,207.5244519443871,139
387,714.0087105976725,222.1942962337916,132
387,170.0646027890049,260.0445293816688,130
387,695.2457249581228,491.7455154373089,129
387,504.3404206055977,323.5550331131806,128
387,519.8131698089975,74.7169970412716,125
387,814.3073255852654,605.2458713396146,124
387,437.0127453588364,481.0400296081554,120
387,679.6015818826858,202.1725337930028,119
387,562.8562646249736,582.1143541838737,118
387,367.41534474517925,620.115309843883,117
387,932.1014217406648,202.77087402110936,111
387,304.8231144353714,479.8139478142395,110
387,439.304839742307,353.7050734169929,108
387,578.6640630711522,134.10840144219256,106
387,957.6174520679272,278.5864300719562,105
387,340.10491361882276,549.4100639177728,103
387,267.27786233502354,249.12655656575683,100
387,79.5953674958125,585.5570310064235,97
387,203.809163961361,260.51783240378757,92
387,626.2401600756399,132.3469287836476,91
387,547.6306545437326,460.6939713670668,89
387,138.38230887433534,239.37484459225965,84
387,746.0774923989104,295.51053808919403,77
387,399.89121322484334,466.9968855755093,73
387,711.5347613634908,301.59020420246264,71
387,572.9701202649642,437.147221325752,69
388,77.97804610318332,136.99900209559925,150
388,994.9810398163856,210.02794132322123,149
388,259.0902480832955,557.939736478308,147
388,855.8384859058605,576.3345735083186,146
388,69.06061644070152,230.0702150283327,145
388,625.4388585904246,494.71236899769565,144
388,204.05348490306696,495.7665272940189,143
388,236.6242099384346,190.0126092521636,139
388,698.136965567916,204.42130616989596,132
388,162.30407837672985,239.36554354240704,130
388,673.3584632648974,486.49939164687345,129
388,482.27924111887427,333.39581225283763,128
388,495.9424747694269,75.70330498875815,125
388,814.8138787052008,629.6073118386645,124
388,458.93787327801465,470.9703976739778,120
388,674.3644639218878,226.08172614590308,119
388,587.1668770351102,579.2392927293074,118
388,234.4816459766093,259.2213636655969,114
388,956.3588817080688,203.94301135771175,111
388,299.4808665220779,502.54475523776483,110
388,450.90902747605304,333.1218248593036,108
388,19.89036863286939,130.76288188254844,107
388,972.3067697428949,275.6523937987026,105
388,317.0053589978093,553.5272362730483,103
388,243.52439853650517,249.09571196046713,100
388,79.60784844496105,610.4389977257946,97
388,206.8614575101538,239.093903859686,92
388,602.8471278087754,131.3552150299945,91
388,570.4960580209339,466.9383504974357,89
388,146.62688873040315,216.47073308517412,84
388,358.3490227913229,584.009695067181,83
388,757.0218392689679,274.9413492367777,77
388,376.76989058786484,466.4217666673299,73
388,731.4775435384615,312.9754416748865,71
388,549.8461882898409,438.7592031503606,69
389,227.00299371320227,255.00898113960682,153
389,929.0209559924159,239.99800419119848,152
389,94.11960648132963,145.54564095781706,150
389,159.00174903759208,197.0,148
389,855.383569597245,552.8129856415313,146
389,90.63707805408639,232.37564785992095,145
389,601.8273179108878,497.3822434324682,144
389,195.98713710440703,475.08430644912676,143
389,220.32052342793344,171.67257200309274,139
389,679.6560973752381,193.14374037394225,132
389,150.47859172480327,226.1823261692595,130
389,650.2394109142822,482.74749251991847,129
389,361.0001975232949,501.00003703571014,126
389,472.0196719482676,76.67250006816488,125
389,480.49270790160233,460.9292182745639,120
389,668.8313185758223,250.1379085675823,119
389,610.9792810350062,576.7045788536947,118
389,248.81055679102874,278.05329934874015,114
389,979.0317434706303,206.2345082685275,111
389,295.65888662222056,526.1982334197688,110
389,463.6127163811167,312.81615351503865,108
389,14.914472664518122,128.24403925609303,107
389,627.2096990202139,130.5151003413077,106
389,290.7214768463803,556.9329573057671,103
389,223.96075288403128,246.3457995275153,100
389,80.06677447030398,634.3815367552977,97
389,580.6634238728744,135.3445197404271,91
389,593.4484059701872,473.02149548465025,89
389,590.0616968398424,461.29943506530844,85
389,367.33145621247377,574.3575600271852,83
389,767.5590600423799,253.64835108348035,77
389,751.2688724271128,325.20567855414663,71
389,526.7451769305468,437.9504534661495,69
389,103.51790878630679,173.49185861317602,18
390,502.02295180121746,414.00598742640454,155
390,205.01496856601136,155.01596647041214,154
390,249.99456201498933,240.97373706432123,153
390,905.4950348156274,242.83746062710784,152
390,112.17451103075862,164.56438392258994,150
390,855.8039907211227,528.3859678515088,146
390,113.02863027425128,234.86028536741094,145
390,578.010336811682,500.2122317923634,144
390,204.15438060991963,153.4711494187293,139
390,657.9923692168659,186.9681076011936,132
390,129.85251842315475,213.07301520559062,130
390,626.0423893391953,472.7160468788936,129
390,439.9202466696901,353.3184595268085,128
390,352.17567926393883,511.80111519619345,126
390,448.0651990876083,78.03122174253974,125
390,199.99992562197693,446.0000495855049,122
390,502.5929384535517,450.905559559266,120
390,663.1194243269111,273.51599846759166,119
390,634.865097728424,574.0000524258193,118
390,264.25133996372483,296.88576141779987,114
390,224.32637297515814,621.1734970248922,113
390,476.6691114067002,293.03902051073993,108
390,651.1266754115077,128.93379732762367,106
390,267.6035001882325,560.2006594488736,103
390,559.6645535121689,143.096692781868,91
390,616.1168272952445,484.17522218697405,89
390,600.6009936073473,487.492313790814,85
390,160.9304124831673,172.33054444283664,84
390,381.2224362772053,568.8122679569133,83
390,777.8413797095386,232.18485270453647,77
390,130.58917167827965,262.9397889155798,17
391,784.9790440075841,378.98602933838936,158
391,925.0229518012175,206.99900209559925,157
391,216.0049895220038,303.9760502943818,156
391,477.3345200103649,407.1645382702678,155
391,274.26810295004145,235.41380487554457,153
391,883.0020508070808,245.80963740542973,152
391,856.0026381220478,504.1727080892581,146
391,185.709011155642,136.28083380654928,139
391,297.00001562428224,577.9997031379942,133
391,635.5009093903316,183.50382066700627,132
391,113.41515285001783,199.94785645786575,130
391,417.6905367825816,363.6811377735315,128
391,342.9683631379669,526.8553275185619,126
391,424.0909848333285,79.2521447598263,125
391,198.65170312293918,432.73128378538365,122
391,524.2909526757849,440.89291223515926,120
391,656.150202893532,295.3396383551963,119
391,659.1748754963379,571.5558177683546,118
391,372.85395544284114,625.9586090051773,117
391,279.4998087808986,314.31779148300916,114
391,225.97106380887774,620.46594979515,113
391,273.79662600688096,575.2755127972898,110
391,490.6558387461557,273.6095443651548,108
391,674.6994760832563,127.56369937850077,106
391,252.2828240089708,570.1199928692696,103
391,539.149142614375,152.15946346051294,91
391,639.2612348705534,489.28587173480315,89
391,594.6494754890737,500.97336636515234,85
391,173.72216121869104,155.3640172891509,84
391,398.7933358743862,565.0875314607221,83
391,785.9528784517299,209.99331659556438,77
391,73.88360485865931,181.44878501036007,18
391,114.99833871672688,268.00165191615065,17
392,326.01297275720987,562.9910188603932,161
392,792.5737329730241,398.0237643139592,158
392,900.3345200103648,205.4841200482691,157
392,210.1640123163321,327.14954653995045,156
392,454.5263878051307,400.1915661876902,155
392,299.37410957562764,232.8982720461818,153
392,860.8159392823077,254.41680142011188,152
392,143.53670971237926,206.02396579502417,148
392,856.1003565651745,480.05880360289774,146
392,530.1483830422769,506.72261962653033,144
392,295.7822660619208,592.965902880649,133
392,612.1412852881165,181.1180074788906,132
392,752.0000899970436,26.99993000210193,131
392,579.2137804907029,467.7073940253029,129
392,395.56736001805933,373.8893469993661,128
392,347.5204310225441,536.7909554405437,126
392,399.72746308379436,80.38529428407709,125
392,197.37733609479415,416.4909459531407,122
392,545.7234304719392,430.52799277541095,120
392,642.7870039106068,312.88188687681384,119
392,683.0270332359636,569.6404029746642,118
392,377.88149990365065,613.7949661914867,117
392,297.89851894610473,328.0554097838729,114
392,265.6655591536959,600.4656139732007,110
392,504.90825331758725,254.40818037978696,108
392,698.4180272132587,125.62796284815408,106
392,151.50739841720048,640.8159129904241,104
392,231.25459485560629,579.9581215436177,103
392,214.42940496134165,155.55332631195918,92
392,519.3040372986077,163.71969417084733,91
392,662.4027748648447,494.8924515611947,89
392,173.3390498861589,133.88997668796813,84
392,61.44168924716917,188.06581397932305,18
393,469.9760502943818,556.003991617603,166
393,129.99900209559925,305.97704819878254,165
393,98.0119748528091,324.9780461031833,164
393,318.87589671872377,582.8954834662484,161
393,795.1745796794778,420.7103094061608,158
393,876.0996104468413,204.9955248808222,157
393,204.9045451320376,350.1825392392908,156
393,432.259607025562,393.8090243981606,155
393,138.81401331656522,133.97287051492762,154
393,323.59696228642474,230.9208745006263,153
393,839.8582212374566,265.68610323140683,152
393,161.19299567961872,218.8084455653749,150
393,856.1476695961195,455.9957649371256,146
393,294.8178792392943,607.9905442536367,133
393,588.6845964651792,179.71642395683858,132
393,751.6144178758024,37.575137093105866,131
393,553.9782579772734,469.06222314393324,129
393,373.8735649365336,383.6377053181041,128
393,376.58027843886765,81.82113316876743,125
393,195.52146124812901,398.9254298456559,122
393,566.9788098040419,420.279907076234,120
393,626.268319751675,327.2476018569262,119
393,706.9317821807607,567.3732394347693,118
393,379.5896207122332,599.615373007549,117
393,317.30193310252474,339.0355958664605,114
393,522.1063744325966,238.6863089009905,108
393,721.5239471366303,124.0016087528511,106
393,219.97350685206786,579.2413748227299,103
393,224.39969704932128,146.16503994430826,92
393,499.9218871242178,176.06377120585134,91
393,684.8646822280615,501.800126305991,89
393,397.8942359888244,554.4800328006687,83
393,46.30653720561032,189.37489170319512,18
394,493.1495226276153,555.3558392005583,166
394,132.67647216728238,328.98850634009005,165
394,86.00599573326214,350.34284636761663,164
394,314.8165035880851,605.9569449264172,161
394,795.1975107265122,444.3967172631456,158
394,852.6258197689338,204.18893544334387,157
394,196.7002752187799,358.2404219815957,156
394,409.6309620491169,387.0948830177027,155
394,116.696678103975,129.62422072178964,154
394,348.3898010517516,229.13542668926974,153
394,856.1682357766668,431.5217221264855,146
394,482.1785217149798,514.1615852455406,144
394,564.8033477144362,178.87408882450586,132
394,755.8050165867002,30.658276630048363,131
394,351.6954333065499,393.83377715347615,128
394,352.0831381683644,83.10790161324537,125
394,196.57507654964377,387.1316294946053,122
394,588.82664658821,410.11151076673775,120
394,607.2919631917282,339.8494357640616,119
394,338.4428800086855,348.5025936330766,114
394,541.3376125143989,227.66038851802855,108
394,745.942487312915,122.25185311663704,106
394,705.1591497154146,510.8831349416603,89
394,403.20701533817834,549.1625984350497,83
394,28.139966852332773,186.89119903920422,18
395,479.0119748528091,238.97904400758406,177
395,382.0009979044008,534.0229518012175,176
395,281.9760502943818,160.00399161760302,175
395,155.99700628679773,569.0239497056182,174
395,744.003991617603,90.98103981638559,173
395,790.9940125735955,100.01896018361441,171
395,255.99401257359546,525.0209559924159,170
395,516.8958253631596,553.8156170160074,166
395,135.62039322938318,354.1328944171673,165
395,75.43038553851474,368.38834842790754,164
395,188.00168724543684,326.99856271560526,162
395,312.8378982015115,629.2223408952157,161
395,795.9960935938063,468.4171035817266,158
395,829.9957961052388,204.3752324126336,157
395,386.32554761028257,380.2312892249348,155
395,93.1288916790981,125.74095068129283,154
395,372.5006043964437,227.41229590759374,153
395,799.685148283693,289.98466507105667,152
395,193.1388776946912,256.4985206242102,150
395,856.5932041858898,407.6432968247077,146
395,459.57023541389094,517.7031073889098,144
395,540.2922002322571,178.34253610209925,132
395,760.884930148329,36.82214993041203,131
395,506.0352572278104,464.80719376927766,129
395,329.9278427091011,403.96339640262596,128
395,328.0874768285316,83.9506366416485,125
395,196.19214629274876,387.7512728272063,122
395,610.3817483366558,399.99786371326974,120
395,360.42947447977616,356.94367043669126,114
395,771.2718866193925,120.74222294669885,106
395,724.9109961863412,521.5148140340959,89
395,415.5128458195407,545.0336520279157,83
395,9.749553326525742,185.78109186128734,18
396,605.9770481987825,246.00099790440075,183
396,735.9850314339886,509.0189601836144,182
396,544.0219538968167,346.98902305159163,181
396,465.32902392154125,257.47412556139085,177
396,386.0314150796012,509.3345735083186,176
396,158.99850106668447,546.6889135358452,174
396,739.1635126718936,116.69818584383098,173
396,753.9980010998947,59.00274848832455,172
396,796.1585162275085,75.97873430776033,171
396,275.41277662713605,512.3950949691788,170
396,541.4313141324476,552.0038572003932,166
396,138.0069134344807,377.3889074366053,165
396,71.48715556713911,389.95044953065127,164
396,183.63819330407506,313.81790112572634,162
396,795.6758050969282,493.06222592642246,158
396,806.2150944369957,203.48582694846746,157
396,364.5594816992271,372.8257589964999,155
396,69.80945662339906,123.71967652740541,154
396,397.10313363759974,225.69891860536927,153
396,780.1952921142178,303.71605480763486,152
396,209.94637180280574,274.9706881181667,150
396,856.4596179194398,383.72702278616254,146
396,441.35138844291214,528.8740649231961,144
396,515.7534379801031,177.97358665600794,132
396,482.11357991668,465.17787027496087,129
396,308.43562954308595,414.0489831945404,128
396,304.08787178169894,84.82887144394556,125
396,631.733593108747,390.254180830188,120
396,382.9931463141199,364.362117219975,114
396,797.5799081597921,119.72034742713484,106
396,744.2832060312049,534.4787340505587,89
396,191.92616276545965,417.1957616652703,73
397,91.00598742640454,625.9850314339886,185
397,630.6654799896352,245.0004997243439,183
397,745.1231039923993,486.65565445935164,182
397,521.1725062717868,356.31758288062565,181
397,450.6695255900121,276.276235222687,177
397,388.7222163774573,487.23952902660255,176
397,329.9914571047574,155.72694535200196,175
397,161.28570927579898,523.9144282701633,174
397,736.217693672735,58.94617380730839,172
397,803.3280149917871,52.57082524045275,171
397,296.2503585192917,501.1087108837764,170
397,565.1476264796966,550.0871985847172,166
397,140.73449213315288,402.7027463953224,165
397,70.02098456529897,412.3150663591279,164
397,179.85021196987907,295.57387980167755,162
397,780.9114519144596,203.46078860032307,157
397,182.5494671773253,435.2750880918213,156
397,345.837277528873,360.7409353559882,155
397,47.901848113816534,121.85846717491384,154
397,420.71999020310164,223.97346398026218,153
397,759.9923066557686,317.4224342375032,152
397,226.83466121948865,293.1196639606995,150
397,386.96524554272804,484.9374699056156,147
397,853.6485282341165,361.31333594537597,146
397,415.8313784386484,529.9664373402669,144
397,491.21476729785195,177.67804790891947,132
397,457.44701313780394,463.3423474746275,129
397,288.5364516103232,426.4705150394032,128
397,279.391500945866,86.06512527325229,125
397,653.2887407670539,380.111232568403,120
397,406.28755022178717,371.40927805385786,114
397,818.1468018290681,115.54976911672293,106
397,763.393496449429,548.4915585459863,89
398,336.0,615.0219538968167,190
398,835.0159664704121,619.0169643748129,189
398,654.187000874014,243.28702920574437,183
398,753.3230610859781,465.1913036444321,182
398,500.33643407897955,366.0894834074765,181
398,436.9898161441728,296.424550283769,177
398,393.4963405977311,464.01917155093906,176
398,353.3292629468427,155.71374167721467,175
398,727.5075363522114,163.787196671226,173
398,589.5076555473614,548.1239989247362,166
398,144.12139708715694,426.90984374152987,165
398,69.60737926844479,436.04804816410694,164
398,176.4858964977521,275.68567471602074,162
398,796.430621574871,540.7322911210001,158
398,757.431647103889,202.14999825256785,157
398,176.49949258060846,462.1218576691627,156
398,328.02423191127906,345.9795285586319,155
398,24.278158632549932,120.1039502738346,154
398,445.3372779284105,222.22733444624603,153
398,740.2960795160645,330.4696854471855,152
398,242.9648816732125,311.1988508465808,150
398,846.1022388841096,340.59586942888063,146
398,390.4375788714076,531.3372538384024,144
398,466.69245802104206,177.05891774866262,132
398,432.9831809111769,461.45090221981246,129
398,271.47497895031705,441.48836669989424,128
398,255.24135406617089,87.2229463599655,125
398,670.885078298834,366.4525228229311,120
398,394.7625185640636,609.3018429021306,117
398,429.73976197754786,378.2147428649862,114
398,98.82886942492294,602.3061021750932,103
398,781.9932275739824,563.5509437796095,89
399,811.9990020955993,61.02095599241593,194
399,23.985031433988624,196.99201676479393,192
399,811.9990020955993,63.02195389681668,191
399,332.6460563765582,594.6879140871574,190
399,820.684966122737,600.3315751622551,189
399,677.9915071192565,241.99485095603384,183
399,760.6694139015808,441.5107790534847,182
399,477.58311512695263,375.3737525334962,181
399,402.94334696261166,442.03216622116116,176
399,377.05392543143813,153.96336698955412,175
399,812.1657089601679,6.344690334726135,171
399,339.80277717928664,480.55614648248644,170
399,613.2502714146002,546.6066544247524,166
399,147.3655456337593,451.4920652567804,165
399,68.7326869055288,460.45661629093075,164
399,169.78861081068922,255.45153548753314,162
399,795.12852065547,566.1051107461428,158
399,733.3353113340394,202.17770877353254,157
399,172.8110101812391,486.874027505599,156
399,311.14144761949785,329.6415144733479,155
399,4.453832346721403,119.5979080658657,154
399,469.02476995931556,220.83973556777903,153
399,722.0873014494825,344.7356141634269,152
399,258.6462784995819,328.5165153477829,150
399,835.0867499659795,320.9765544183097,146
399,366.559666735171,533.5707233101134,144
399,442.5465567086505,176.53168435095841,132
399,407.90539113301276,458.9110294093619,129
399,256.38635079655734,458.6219556693139,128
399,231.47781710441282,88.64972423670284,125
399,686.0287278601021,349.37171689208174,120
399,399.7217479987596,603.2831918643328,117
399,451.5926020442954,384.550874862626,114
399,799.2380776050387,571.4772363861576,89
