0,360,1,-1,-1,-1,-1,1,185.0,444.0,-1
0,360,2,-1,-1,-1,-1,1,144.0,434.0,-1
0,360,3,-1,-1,-1,-1,1,225.0,479.0,-1
0,360,4,-1,-1,-1,-1,1,408.0,605.0,-1
0,360,5,-1,-1,-1,-1,1,354.0,104.0,-1
0,360,6,-1,-1,-1,-1,1,757.0,308.0,-1
0,360,7,-1,-1,-1,-1,1,274.0,558.0,-1
0,360,8,-1,-1,-1,-1,1,387.0,291.0,-1
0,360,9,-1,-1,-1,-1,1,125.0,348.0,-1
0,360,10,-1,-1,-1,-1,1,247.0,514.0,-1
0,360,11,-1,-1,-1,-1,1,508.0,401.0,-1
0,360,12,-1,-1,-1,-1,1,792.0,186.0,-1
0,360,13,-1,-1,-1,-1,1,202.0,405.0,-1
0,360,14,-1,-1,-1,-1,1,702.0,517.0,-1
0,360,15,-1,-1,-1,-1,1,834.0,557.0,-1
0,360,16,-1,-1,-1,-1,1,861.0,318.0,-1
0,360,17,-1,-1,-1,-1,1,806.0,493.0,-1
0,360,18,-1,-1,-1,-1,1,761.0,91.0,-1
0,360,19,-1,-1,-1,-1,1,981.0,181.0,-1
0,360,20,-1,-1,-1,-1,1,824.0,441.0,-1
0,360,21,-1,-1,-1,-1,1,430.0,383.0,-1
0,360,22,-1,-1,-1,-1,1,415.0,232.0,-1
0,360,23,-1,-1,-1,-1,1,558.0,508.0,-1
0,360,24,-1,-1,-1,-1,1,585.0,420.0,-1
0,360,25,-1,-1,-1,-1,1,12.0,178.0,-1
0,360,26,-1,-1,-1,-1,1,473.0,554.0,-1
0,360,27,-1,-1,-1,-1,1,635.0,449.0,-1
0,360,28,-1,-1,-1,-1,1,371.0,489.0,-1
0,360,29,-1,-1,-1,-1,1,137.0,190.0,-1
0,360,30,-1,-1,-1,-1,1,779.0,192.0,-1
0,360,31,-1,-1,-1,-1,1,556.0,241.0,-1
0,360,32,-1,-1,-1,-1,1,634.0,450.0,-1
0,360,33,-1,-1,-1,-1,1,280.0,171.0,-1
0,360,34,-1,-1,-1,-1,1,626.0,137.0,-1
0,360,35,-1,-1,-1,-1,1,400.0,424.0,-1
0,360,36,-1,-1,-1,-1,1,418.0,457.0,-1
0,361,1,-1,-1,-1,-1,1,182.00299371320227,421.02295180121746,-1
0,361,2,-1,-1,-1,-1,1,144.99900209559925,408.02594551441973,-1
0,361,5,-1,-1,-1,-1,1,330.0239497056182,105.99800419119849,-1
0,361,7,-1,-1,-1,-1,1,265.0089811396068,571.9860293383894,-1
0,361,10,-1,-1,-1,-1,1,236.01097694840834,536.9770481987825,-1
0,361,12,-1,-1,-1,-1,1,765.0269434188205,182.00399161760302,-1
0,361,16,-1,-1,-1,-1,1,840.0209559924159,329.9880251471909,-1
0,361,17,-1,-1,-1,-1,1,789.0169643748129,475.01796227921363,-1
0,361,18,-1,-1,-1,-1,1,753.0079832352061,102.9880251471909,-1
0,361,20,-1,-1,-1,-1,1,808.0159664704121,422.0189601836144,-1
0,361,22,-1,-1,-1,-1,1,391.0239497056182,231.00099790440075,-1
0,361,25,-1,-1,-1,-1,1,28.983035625187107,171.00698533080532,-1
0,361,28,-1,-1,-1,-1,1,367.00399161760305,510.9780461031833,-1
0,361,32,-1,-1,-1,-1,1,612.0219538968167,452.9970062867977,-1
0,361,35,-1,-1,-1,-1,1,411.9880251471909,401.02295180121746,-1
0,361,36,-1,-1,-1,-1,1,394.0239497056182,453.00399161760305,-1
0,362,1,-1,-1,-1,-1,1,179.83998483917597,396.3345735083186,-1
0,362,2,-1,-1,-1,-1,1,145.99950035556148,383.689912984533,-1
0,362,5,-1,-1,-1,-1,1,306.01199146652425,107.16054047551651,-1
0,362,7,-1,-1,-1,-1,1,264.3893558585511,596.0545247687332,-1
0,362,10,-1,-1,-1,-1,1,224.1670101829632,556.6346660369074,-1
0,362,12,-1,-1,-1,-1,1,741.3674340232816,183.0327593521496,-1
0,362,16,-1,-1,-1,-1,1,819.8489784390692,341.9940033078731,-1
0,362,17,-1,-1,-1,-1,1,770.3315221437338,465.393595796147,-1
0,362,18,-1,-1,-1,-1,1,727.3957931324387,106.60940254991644,-1
0,362,20,-1,-1,-1,-1,1,792.8464802168767,403.84795483833,-1
0,362,22,-1,-1,-1,-1,1,367.8504773723847,230.0004997243439,-1
0,362,25,-1,-1,-1,-1,1,51.86090738556841,169.872718600977,-1
0,362,28,-1,-1,-1,-1,1,362.1635126718936,532.989006064434,-1
0,362,32,-1,-1,-1,-1,1,587.495534460066,455.99850082696827,-1
0,362,36,-1,-1,-1,-1,1,371.6889632782452,452.3558392005583,-1
0,362,37,-1,-1,-1,-1,1,605.9760502943818,504.0019958088015,-1
0,362,38,-1,-1,-1,-1,1,520.975052389981,547.0019958088016,-1
0,362,39,-1,-1,-1,-1,1,477.9760502943818,395.99501047799623,-1
0,362,40,-1,-1,-1,-1,1,549.0199580880152,293.98902305159163,-1
0,362,41,-1,-1,-1,-1,1,551.9790440075841,380.0099790440076,-1
0,362,42,-1,-1,-1,-1,1,358.01596647041214,329.9810398163856,-1
0,362,44,-1,-1,-1,-1,1,108.02494761001896,143.00099790440075,-1
0,362,45,-1,-1,-1,-1,1,465.97405448558027,298.0019958088015,-1
0,362,47,-1,-1,-1,-1,1,130.99700628679773,394.97704819878254,-1
0,362,48,-1,-1,-1,-1,1,716.9930146691947,473.0219538968167,-1
0,362,49,-1,-1,-1,-1,1,789.996008382397,150.02195389681668,-1
0,362,50,-1,-1,-1,-1,1,190.00598742640454,451.97704819878254,-1
0,362,53,-1,-1,-1,-1,1,328.97505238998104,168.99900209559925,-1
0,362,54,-1,-1,-1,-1,1,271.99501047799623,607.0279413232213,-1
0,362,55,-1,-1,-1,-1,1,408.9970062867977,558.024947610019,-1
0,362,56,-1,-1,-1,-1,1,75.97405448558028,223.9860293383894,-1
0,363,1,-1,-1,-1,-1,1,177.09786032144598,371.38644225646016,-1
0,363,2,-1,-1,-1,-1,1,151.9934200723273,360.34157345179443,-1
0,363,5,-1,-1,-1,-1,1,280.5804390021614,108.18915900145036,-1
0,363,7,-1,-1,-1,-1,1,262.9660096530782,619.5788427703496,-1
0,363,10,-1,-1,-1,-1,1,211.47957186386094,578.6052093017441,-1
0,363,11,-1,-1,-1,-1,1,511.9995556693536,400.0001110827227,-1
0,363,12,-1,-1,-1,-1,1,717.5361175484998,183.43609541998677,-1
0,363,16,-1,-1,-1,-1,1,799.8166612709288,357.56274768331826,-1
0,363,17,-1,-1,-1,-1,1,748.5308629610053,459.2476232665432,-1
0,363,18,-1,-1,-1,-1,1,703.9788401412757,108.18072550820787,-1
0,363,20,-1,-1,-1,-1,1,777.1017691833569,385.1026845767737,-1
0,363,22,-1,-1,-1,-1,1,343.39078595769575,229.00030089828,-1
0,363,28,-1,-1,-1,-1,1,357.90424445035217,557.8464670079828,-1
0,363,32,-1,-1,-1,-1,1,562.575574130477,458.9990973051601,-1
0,363,35,-1,-1,-1,-1,1,435.0643249892589,357.8023305114917,-1
0,363,36,-1,-1,-1,-1,1,356.04840838382154,467.22086594432625,-1
0,363,37,-1,-1,-1,-1,1,629.9880085334757,501.1625393728921,-1
0,363,39,-1,-1,-1,-1,1,500.3110367217548,403.5128816056674,-1
0,363,40,-1,-1,-1,-1,1,526.4945351711889,304.994503032217,-1
0,363,42,-1,-1,-1,-1,1,343.6849661227371,348.9905052374657,-1
0,363,44,-1,-1,-1,-1,1,82.17400520510235,142.83895980013958,-1
0,363,45,-1,-1,-1,-1,1,489.47155152701737,296.83945952448346,-1
0,363,47,-1,-1,-1,-1,1,133.16001516082403,418.8269664158857,-1
0,363,48,-1,-1,-1,-1,1,724.8349883947909,450.1725338597704,-1
0,363,49,-1,-1,-1,-1,1,796.5134591398273,125.49561370817906,-1
0,363,50,-1,-1,-1,-1,1,185.67996967835197,474.15004626429436,-1
0,363,53,-1,-1,-1,-1,1,353.14902298317674,167.4841200482691,-1
0,363,54,-1,-1,-1,-1,1,278.67447358952836,585.7216728879948,-1
0,363,55,-1,-1,-1,-1,1,420.3833601252889,543.0740140181457,-1
0,363,56,-1,-1,-1,-1,1,105.34095286804047,248.89298484452885,-1
0,363,57,-1,-1,-1,-1,1,853.0,618.975052389981,-1
0,363,58,-1,-1,-1,-1,1,233.99700628679773,407.02594551441973,-1
0,363,59,-1,-1,-1,-1,1,698.9760502943818,133.00199580880152,-1
0,363,61,-1,-1,-1,-1,1,794.9980041911984,358.9780461031833,-1
0,364,1,-1,-1,-1,-1,1,175.43289565230776,347.62026962530723,-1
0,364,2,-1,-1,-1,-1,1,158.77508810436083,337.8849813935064,-1
0,364,5,-1,-1,-1,-1,1,257.2394894886704,109.80740924980714,-1
0,364,10,-1,-1,-1,-1,1,197.93613792323302,598.1355032240593,-1
0,364,11,-1,-1,-1,-1,1,501.063490552992,395.2061890159323,-1
0,364,12,-1,-1,-1,-1,1,693.0141832318322,183.01073295101176,-1
0,364,16,-1,-1,-1,-1,1,789.784214391049,379.11685568234606,-1
0,364,17,-1,-1,-1,-1,1,725.8602948274471,452.1665747714671,-1
0,364,18,-1,-1,-1,-1,1,679.4170238394248,108.60033481599956,-1
0,364,20,-1,-1,-1,-1,1,761.8127013187951,366.81317382734323,-1
0,364,22,-1,-1,-1,-1,1,319.1860127557427,228.0002018935442,-1
0,364,26,-1,-1,-1,-1,1,448.0015622642934,545.0005624156328,-1
0,364,28,-1,-1,-1,-1,1,353.814142119116,581.6394639164789,-1
0,364,32,-1,-1,-1,-1,1,538.8051671913612,461.99939431936747,-1
0,364,35,-1,-1,-1,-1,1,446.2356068434311,337.2900601247689,-1
0,364,36,-1,-1,-1,-1,1,342.9122821944622,485.8219689001418,-1
0,364,37,-1,-1,-1,-1,1,653.2793949604046,499.6169059796415,-1
0,364,38,-1,-1,-1,-1,1,569.1282940245494,543.000712149749,-1
0,364,40,-1,-1,-1,-1,1,505.0017501253954,315.2834184263846,-1
0,364,41,-1,-1,-1,-1,1,596.786735656022,360.93494101187105,-1
0,364,42,-1,-1,-1,-1,1,328.9121161388911,369.4208263177516,-1
0,364,44,-1,-1,-1,-1,1,59.050724803180614,142.09726840773405,-1
0,364,45,-1,-1,-1,-1,1,513.9879187678647,295.097569306014,-1
0,364,47,-1,-1,-1,-1,1,137.32891703684336,444.22986192662137,-1
0,364,48,-1,-1,-1,-1,1,733.5216308628809,427.19638056016987,-1
0,364,49,-1,-1,-1,-1,1,800.5762834232825,101.28917384872612,-1
0,364,50,-1,-1,-1,-1,1,180.19572064289198,498.3226552151776,-1
0,364,54,-1,-1,-1,-1,1,285.6191905026414,563.35052369015,-1
0,364,56,-1,-1,-1,-1,1,105.27124557423915,269.8227235096613,-1
0,364,58,-1,-1,-1,-1,1,236.16001516082403,384.36683313612434,-1
0,364,59,-1,-1,-1,-1,1,722.1495226276153,130.16253937289216,-1
0,364,61,-1,-1,-1,-1,1,796.1605148052626,382.6659262160253,-1
0,364,62,-1,-1,-1,-1,1,650.9770481987825,235.00099790440075,-1
0,364,63,-1,-1,-1,-1,1,75.97405448558028,227.99700628679773,-1
0,365,1,-1,-1,-1,-1,1,173.06023716438335,323.74737116397705,-1
0,365,5,-1,-1,-1,-1,1,233.57921891435714,110.53771455940827,-1
0,365,10,-1,-1,-1,-1,1,184.08004465455522,620.6373523810452,-1
0,365,11,-1,-1,-1,-1,1,483.6468741102492,389.29370484390654,-1
0,365,12,-1,-1,-1,-1,1,668.781894647704,182.26521162418342,-1
0,365,16,-1,-1,-1,-1,1,785.1681585718325,402.8863028507157,-1
0,365,17,-1,-1,-1,-1,1,702.3334256369304,446.3550138245744,-1
0,365,18,-1,-1,-1,-1,1,656.1301525893136,110.29521245814927,-1
0,365,20,-1,-1,-1,-1,1,746.6962489548049,348.6960874386329,-1
0,365,22,-1,-1,-1,-1,1,294.52695345735816,227.00014555675904,-1
0,365,26,-1,-1,-1,-1,1,461.00776478433056,542.9094134757208,-1
0,365,28,-1,-1,-1,-1,1,350.3424572730111,605.0136575960115,-1
0,365,32,-1,-1,-1,-1,1,515.4757817956562,466.11157133816704,-1
0,365,35,-1,-1,-1,-1,1,457.31926970998023,316.47408770690373,-1
0,365,36,-1,-1,-1,-1,1,330.1074358274671,505.1462952234493,-1
0,365,37,-1,-1,-1,-1,1,676.3668638205613,498.44142052341414,-1
0,365,38,-1,-1,-1,-1,1,593.8028094950989,539.0032676850504,-1
0,365,39,-1,-1,-1,-1,1,545.2059173647922,416.9207436525689,-1
0,365,40,-1,-1,-1,-1,1,483.19292411662605,325.3699264090941,-1
0,365,41,-1,-1,-1,-1,1,618.2839922790341,351.09811242768296,-1
0,365,42,-1,-1,-1,-1,1,320.232988717903,389.0068658976812,-1
0,365,43,-1,-1,-1,-1,1,109.00087486800429,200.0006249062586,-1
0,365,44,-1,-1,-1,-1,1,35.45764741347705,141.18703791913833,-1
0,365,45,-1,-1,-1,-1,1,537.5608419904011,293.18723981268255,-1
0,365,47,-1,-1,-1,-1,1,138.9552642489812,467.5757434621994,-1
0,365,49,-1,-1,-1,-1,1,807.6677671456174,79.05573353057846,-1
0,365,50,-1,-1,-1,-1,1,174.99735027160662,519.9517168246816,-1
0,365,53,-1,-1,-1,-1,1,399.5001102175043,162.71913255035747,-1
0,365,54,-1,-1,-1,-1,1,296.98861690378953,543.7521141556379,-1
0,365,58,-1,-1,-1,-1,1,238.90213967855402,360.822236778167,-1
0,365,59,-1,-1,-1,-1,1,745.8958253631596,128.61690597964147,-1
0,365,61,-1,-1,-1,-1,1,795.7622743228054,408.040402026891,-1
0,365,62,-1,-1,-1,-1,1,674.8269940837747,233.16203964854824,-1
0,365,63,-1,-1,-1,-1,1,97.79457971529646,239.3831015849249,-1
0,366,1,-1,-1,-1,-1,1,171.88834523465306,298.81018356485777,-1
0,366,2,-1,-1,-1,-1,1,171.21267850911312,294.92186064377506,-1
0,366,5,-1,-1,-1,-1,1,211.29047815088055,113.40282270904062,-1
0,366,12,-1,-1,-1,-1,1,645.186122240958,181.3776316848416,-1
0,366,14,-1,-1,-1,-1,1,699.000083327188,511.00016665462795,-1
0,366,16,-1,-1,-1,-1,1,778.3278347181347,425.0522357057144,-1
0,366,17,-1,-1,-1,-1,1,678.9534358225746,439.06112871766,-1
0,366,18,-1,-1,-1,-1,1,630.9009183149683,111.06744434602226,-1
0,366,20,-1,-1,-1,-1,1,731.6545636393528,330.653431900717,-1
0,366,21,-1,-1,-1,-1,1,448.99947226114296,379.0001111030853,-1
0,366,22,-1,-1,-1,-1,1,270.68249183558964,225.49384143460537,-1
0,366,26,-1,-1,-1,-1,1,478.12408688643933,540.8565324109182,-1
0,366,28,-1,-1,-1,-1,1,349.681022566383,628.7039966536843,-1
0,366,29,-1,-1,-1,-1,1,127.00027775729318,219.99916672686024,-1
0,366,32,-1,-1,-1,-1,1,492.84798062425557,469.1987171837305,-1
0,366,35,-1,-1,-1,-1,1,468.3501318862135,296.59510763881553,-1
0,366,36,-1,-1,-1,-1,1,317.91189929679916,526.7231014473198,-1
0,366,38,-1,-1,-1,-1,1,616.9588038754451,537.3020259763096,-1
0,366,39,-1,-1,-1,-1,1,567.9472377009279,423.82405300405753,-1
0,366,40,-1,-1,-1,-1,1,460.70897788149045,333.7176416001512,-1
0,366,41,-1,-1,-1,-1,1,636.6867898829433,336.6582364251974,-1
0,366,42,-1,-1,-1,-1,1,314.39393524467533,412.1586721723843,-1
0,366,43,-1,-1,-1,-1,1,117.9140195522986,211.18178026820334,-1
0,366,44,-1,-1,-1,-1,1,12.785249158679603,139.65942301054065,-1
0,366,45,-1,-1,-1,-1,1,560.7797943707337,290.65956856729974,-1
0,366,47,-1,-1,-1,-1,1,144.626410871921,489.58200382799356,-1
0,366,48,-1,-1,-1,-1,1,761.1878851541564,389.48534015487314,-1
0,366,49,-1,-1,-1,-1,1,813.1216632921132,55.89797654297745,-1
0,366,50,-1,-1,-1,-1,1,170.46621271625557,542.8406752680562,-1
0,366,53,-1,-1,-1,-1,1,422.45670558365504,160.4125507439053,-1
0,366,58,-1,-1,-1,-1,1,241.81273170303152,337.0082988583652,-1
0,366,59,-1,-1,-1,-1,1,757.3522269013853,114.36888221081304,-1
0,366,61,-1,-1,-1,-1,1,796.7964728226057,431.39063414325767,-1
0,366,62,-1,-1,-1,-1,1,699.5168199559137,231.9033333888259,-1
0,366,63,-1,-1,-1,-1,1,106.81283995304723,261.3740213280197,-1
0,366,67,-1,-1,-1,-1,1,70.00798323520607,315.97704819878254,-1
0,367,1,-1,-1,-1,-1,1,168.02621480593345,274.27776392952325,-1
0,367,2,-1,-1,-1,-1,1,178.28499346501857,269.9551712528928,-1
0,367,5,-1,-1,-1,-1,1,194.38459604905597,125.29632380113596,-1
0,367,12,-1,-1,-1,-1,1,621.4365680095481,180.42149633320014,-1
0,367,14,-1,-1,-1,-1,1,710.8262908527489,517.2106775989686,-1
0,367,16,-1,-1,-1,-1,1,773.1198318218875,446.37013372661045,-1
0,367,17,-1,-1,-1,-1,1,655.665089499134,431.94442353032616,-1
0,367,18,-1,-1,-1,-1,1,607.0605400398778,111.85925216021845,-1
0,367,20,-1,-1,-1,-1,1,715.2375838621839,312.1770389571743,-1
0,367,21,-1,-1,-1,-1,1,435.8315884197702,374.5278118051914,-1
0,367,22,-1,-1,-1,-1,1,247.24914250326788,224.67215561095392,-1
0,367,26,-1,-1,-1,-1,1,498.42122676385634,539.3100477835017,-1
0,367,29,-1,-1,-1,-1,1,135.3548275432121,231.60922373882627,-1
0,367,32,-1,-1,-1,-1,1,469.62642059930624,472.7049932568927,-1
0,367,35,-1,-1,-1,-1,1,480.76222336874,276.7144659779712,-1
0,367,36,-1,-1,-1,-1,1,309.7510521983087,548.8888825498376,-1
0,367,38,-1,-1,-1,-1,1,640.0046476647703,534.9632435591892,-1
0,367,39,-1,-1,-1,-1,1,591.8708092658784,430.24627128912465,-1
0,367,40,-1,-1,-1,-1,1,438.4339862425068,344.3350198466861,-1
0,367,41,-1,-1,-1,-1,1,649.7155888144564,319.2873607284464,-1
0,367,42,-1,-1,-1,-1,1,309.77739458212346,434.86902838123297,-1
0,367,47,-1,-1,-1,-1,1,155.15349966907942,508.4685988650326,-1
0,367,48,-1,-1,-1,-1,1,774.906904691562,372.296106021794,-1
0,367,49,-1,-1,-1,-1,1,817.8315789504633,32.31890506243099,-1
0,367,50,-1,-1,-1,-1,1,163.6951490519243,566.8063329356611,-1
0,367,53,-1,-1,-1,-1,1,445.9808698208279,159.3327259620191,-1
0,367,58,-1,-1,-1,-1,1,244.22815233223784,313.6464048376382,-1
0,367,59,-1,-1,-1,-1,1,761.9719203929927,94.24689846354931,-1
0,367,61,-1,-1,-1,-1,1,797.8243565061257,455.07818811825564,-1
0,367,62,-1,-1,-1,-1,1,723.1930031876133,230.19086404354044,-1
0,367,63,-1,-1,-1,-1,1,112.2388318697482,283.81836080182893,-1
0,367,67,-1,-1,-1,-1,1,72.90431393169388,338.98850634009005,-1
0,368,1,-1,-1,-1,-1,1,164.02279295904017,252.16292924604502,-1
0,368,2,-1,-1,-1,-1,1,187.13328244707333,245.5015398623226,-1
0,368,14,-1,-1,-1,-1,1,726.2537315280622,524.939888204772,-1
0,368,16,-1,-1,-1,-1,1,768.3164582214442,468.52238374886554,-1
0,368,17,-1,-1,-1,-1,1,632.879347663623,424.9175475016179,-1
0,368,18,-1,-1,-1,-1,1,583.9904426537225,113.11322365428396,-1
0,368,20,-1,-1,-1,-1,1,699.838380602434,293.90322097828897,-1
0,368,21,-1,-1,-1,-1,1,420.638453660345,369.7388524164147,-1
0,368,22,-1,-1,-1,-1,1,231.9824534439183,233.87711707443498,-1
0,368,23,-1,-1,-1,-1,1,542.0002499885162,536.9995468948333,-1
0,368,25,-1,-1,-1,-1,1,189.46326089897374,159.60617925174213,-1
0,368,27,-1,-1,-1,-1,1,632.0000468728467,428.00032811063795,-1
0,368,29,-1,-1,-1,-1,1,147.79150952717893,244.61112291440654,-1
0,368,32,-1,-1,-1,-1,1,444.75181024510795,475.999896636426,-1
0,368,35,-1,-1,-1,-1,1,494.3683845099622,257.26896115227345,-1
0,368,36,-1,-1,-1,-1,1,304.1957593794624,571.7540510326079,-1
0,368,38,-1,-1,-1,-1,1,663.9273104375005,532.3162362224057,-1
0,368,39,-1,-1,-1,-1,1,614.4276188827739,436.93783957195296,-1
0,368,40,-1,-1,-1,-1,1,416.26894030792994,353.7546589072587,-1
0,368,42,-1,-1,-1,-1,1,304.78759415415567,458.2731079449087,-1
0,368,45,-1,-1,-1,-1,1,608.8726976267762,287.5563072795314,-1
0,368,47,-1,-1,-1,-1,1,169.96850038102346,525.8151258853909,-1
0,368,48,-1,-1,-1,-1,1,790.6522783839197,354.5994956419853,-1
0,368,49,-1,-1,-1,-1,1,819.8202853327863,8.52927360220872,-1
0,368,50,-1,-1,-1,-1,1,158.15125232170408,589.9017312672795,-1
0,368,53,-1,-1,-1,-1,1,470.206080146793,157.3552791034446,-1
0,368,59,-1,-1,-1,-1,1,763.6296111108463,71.60080418941308,-1
0,368,61,-1,-1,-1,-1,1,797.8323680661642,479.9325633411208,-1
0,368,62,-1,-1,-1,-1,1,747.5940189479685,228.8628277007701,-1
0,368,63,-1,-1,-1,-1,1,114.19200254099529,305.7773533418699,-1
0,368,67,-1,-1,-1,-1,1,71.82980644227227,359.85326426195365,-1
0,368,69,-1,-1,-1,-1,1,961.0259455144197,244.99800419119848,-1
0,368,71,-1,-1,-1,-1,1,264.9780461031833,307.0069853308053,-1
0,369,1,-1,-1,-1,-1,1,155.7561379825438,231.84998165182597,-1
0,369,2,-1,-1,-1,-1,1,194.37719621895715,222.50562784094933,-1
0,369,12,-1,-1,-1,-1,1,573.0578522285351,179.5922244316443,-1
0,369,14,-1,-1,-1,-1,1,742.674319775481,533.5520006883273,-1
0,369,17,-1,-1,-1,-1,1,609.971896120479,418.35248109212245,-1
0,369,18,-1,-1,-1,-1,1,559.6926915398458,114.64111147697209,-1
0,369,20,-1,-1,-1,-1,1,683.7741052142252,275.33077864273827,-1
0,369,21,-1,-1,-1,-1,1,408.7525814949482,366.2151788775438,-1
0,369,23,-1,-1,-1,-1,1,555.7356341473493,536.7673645682207,-1
0,369,29,-1,-1,-1,-1,1,160.7927948156796,260.5654315513178,-1
0,369,32,-1,-1,-1,-1,1,420.59933228805886,479.1722574105004,-1
0,369,35,-1,-1,-1,-1,1,508.23993596364306,238.06805606377284,-1
0,369,36,-1,-1,-1,-1,1,300.9417588381936,597.0527509233483,-1
0,369,37,-1,-1,-1,-1,1,768.4125261252659,490.22111991226683,-1
0,369,38,-1,-1,-1,-1,1,687.8871100357985,529.9415976876702,-1
0,369,39,-1,-1,-1,-1,1,637.6092383553316,444.2067540293585,-1
0,369,40,-1,-1,-1,-1,1,387.54476899483063,362.0848997082857,-1
0,369,41,-1,-1,-1,-1,1,673.599995610178,279.86844897612895,-1
0,369,42,-1,-1,-1,-1,1,300.4416243193622,481.5996270450567,-1
0,369,45,-1,-1,-1,-1,1,632.4255496323731,285.38724265953726,-1
0,369,47,-1,-1,-1,-1,1,186.6273327795743,542.796853314867,-1
0,369,48,-1,-1,-1,-1,1,807.4695364142224,337.2394765973287,-1
0,369,50,-1,-1,-1,-1,1,152.8414384947786,613.397683534251,-1
0,369,53,-1,-1,-1,-1,1,494.7994003967597,155.7975949592265,-1
0,369,54,-1,-1,-1,-1,1,310.8653855002133,478.9304559994367,-1
0,369,58,-1,-1,-1,-1,1,241.68263914992738,269.8383666500761,-1
0,369,59,-1,-1,-1,-1,1,762.9609300015092,47.78985185153608,-1
0,369,61,-1,-1,-1,-1,1,798.2696390826704,503.96347676997084,-1
0,369,62,-1,-1,-1,-1,1,772.3199133331406,227.2014366178493,-1
0,369,63,-1,-1,-1,-1,1,115.69444225175849,328.98019367286906,-1
0,369,67,-1,-1,-1,-1,1,73.30662613397864,382.6018054603623,-1
0,369,69,-1,-1,-1,-1,1,938.3669343788431,248.6759207029035,-1
0,369,71,-1,-1,-1,-1,1,287.8274937282132,305.0342585251814,-1
0,369,73,-1,-1,-1,-1,1,775.0079832352061,613.0209559924159,-1
0,369,74,-1,-1,-1,-1,1,338.0189601836144,613.0179622792136,-1
0,369,75,-1,-1,-1,-1,1,841.0009979044007,607.0259455144197,-1
0,370,1,-1,-1,-1,-1,1,156.9734307578035,205.0638692137411,-1
0,370,2,-1,-1,-1,-1,1,201.96656263736733,200.72041697161507,-1
0,370,14,-1,-1,-1,-1,1,753.1322256942117,548.263498091216,-1
0,370,16,-1,-1,-1,-1,1,746.7303913826731,500.47047787373816,-1
0,370,17,-1,-1,-1,-1,1,586.9944070804405,411.6628465547225,-1
0,370,18,-1,-1,-1,-1,1,535.8589148199115,115.9407663572743,-1
0,370,20,-1,-1,-1,-1,1,670.1192526039874,253.40362547574998,-1
0,370,23,-1,-1,-1,-1,1,571.562734392131,536.7329326832842,-1
0,370,32,-1,-1,-1,-1,1,397.2910882957818,482.27117934991514,-1
0,370,35,-1,-1,-1,-1,1,522.6637996779951,219.00651262590122,-1
0,370,36,-1,-1,-1,-1,1,295.82158463744094,619.0091712304948,-1
0,370,38,-1,-1,-1,-1,1,711.0276998756723,527.3084251451559,-1
0,370,39,-1,-1,-1,-1,1,658.6320822306498,453.05044989667323,-1
0,370,40,-1,-1,-1,-1,1,367.61571966629094,373.5346826287588,-1
0,370,42,-1,-1,-1,-1,1,296.4423532673813,505.2838333920313,-1
0,370,43,-1,-1,-1,-1,1,125.3136138012484,222.5780898687884,-1
0,370,47,-1,-1,-1,-1,1,203.45899074576465,556.2738593162495,-1
0,370,48,-1,-1,-1,-1,1,824.5124450754612,320.0933819601014,-1
0,370,53,-1,-1,-1,-1,1,518.7658416786078,154.47782644602356,-1
0,370,59,-1,-1,-1,-1,1,758.0207440124183,36.59270200554229,-1
0,370,61,-1,-1,-1,-1,1,798.0617658921194,527.5433390296981,-1
0,370,62,-1,-1,-1,-1,1,796.264764712442,225.84129786685904,-1
0,370,63,-1,-1,-1,-1,1,118.92398154808234,353.7044378320817,-1
0,370,65,-1,-1,-1,-1,1,356.9992222795791,352.00049996388384,-1
0,370,67,-1,-1,-1,-1,1,73.5105814579009,407.73859002753824,-1
0,370,69,-1,-1,-1,-1,1,914.1090395085249,249.766789837277,-1
0,370,71,-1,-1,-1,-1,1,312.2305093167438,303.15026980736235,-1
0,370,73,-1,-1,-1,-1,1,762.8115676262058,592.8489542870178,-1
0,370,74,-1,-1,-1,-1,1,322.3634368677735,597.5243752655774,-1
0,370,75,-1,-1,-1,-1,1,841.6774714561594,582.6899129845331,-1
0,370,76,-1,-1,-1,-1,1,755.9890230515916,11.00598742640455,-1
0,370,77,-1,-1,-1,-1,1,403.9810398163856,497.0089811396068,-1
0,371,2,-1,-1,-1,-1,1,208.99447017205384,178.13740683817466,-1
0,371,12,-1,-1,-1,-1,1,527.0445613771489,182.4763237505259,-1
0,371,16,-1,-1,-1,-1,1,729.7770304583914,509.69624866447907,-1
0,371,17,-1,-1,-1,-1,1,563.588573230009,404.8902194213117,-1
0,371,18,-1,-1,-1,-1,1,512.3209974390761,116.71919294003125,-1
0,371,20,-1,-1,-1,-1,1,653.7081133783523,243.5235921286532,-1
0,371,22,-1,-1,-1,-1,1,158.77697394292912,226.43613570984522,-1
0,371,31,-1,-1,-1,-1,1,549.0000578495735,219.000181813518,-1
0,371,32,-1,-1,-1,-1,1,373.3494610494109,485.7069545890573,-1
0,371,38,-1,-1,-1,-1,1,734.4783587369071,524.9179954210096,-1
0,371,40,-1,-1,-1,-1,1,346.60154698255144,383.6871042434763,-1
0,371,41,-1,-1,-1,-1,1,693.5147797512452,236.1600480721676,-1
0,371,42,-1,-1,-1,-1,1,293.0323665805691,529.1726269522571,-1
0,371,43,-1,-1,-1,-1,1,115.87037344605953,218.8796124866867,-1
0,371,45,-1,-1,-1,-1,1,679.037793546036,287.71974849408844,-1
0,371,47,-1,-1,-1,-1,1,222.75670410838956,570.4525564380017,-1
0,371,48,-1,-1,-1,-1,1,841.704708320772,304.6707481706568,-1
0,371,53,-1,-1,-1,-1,1,543.1552866438602,152.9031220485687,-1
0,371,61,-1,-1,-1,-1,1,798.3216169668394,552.1112640174666,-1
0,371,62,-1,-1,-1,-1,1,821.5477104816466,224.2061798721589,-1
0,371,63,-1,-1,-1,-1,1,120.49277726880617,378.7800015460029,-1
0,371,67,-1,-1,-1,-1,1,71.606733009493,432.4126137896329,-1
0,371,69,-1,-1,-1,-1,1,893.1170765532097,252.6075700378984,-1
0,371,73,-1,-1,-1,-1,1,748.5238933175226,574.9563731434761,-1
0,371,74,-1,-1,-1,-1,1,304.39354605758206,581.7228620824731,-1
0,371,75,-1,-1,-1,-1,1,842.6209945927541,559.3415734517945,-1
0,371,77,-1,-1,-1,-1,1,428.02142219083095,486.32757736750386,-1
0,371,80,-1,-1,-1,-1,1,225.00598742640454,316.97505238998104,-1
0,371,81,-1,-1,-1,-1,1,759.0,593.0009979044007,-1
0,372,2,-1,-1,-1,-1,1,217.17255475147059,156.15964970930295,-1
0,372,12,-1,-1,-1,-1,1,505.74345644297705,190.05064080065648,-1
0,372,16,-1,-1,-1,-1,1,709.3093832503532,516.2925043744909,-1
0,372,17,-1,-1,-1,-1,1,540.6638156029347,398.0606632896823,-1
0,372,20,-1,-1,-1,-1,1,634.008339112216,237.27754649996828,-1
0,372,22,-1,-1,-1,-1,1,139.02028458928115,233.76946224023808,-1
0,372,32,-1,-1,-1,-1,1,350.1287465670612,488.6194204738682,-1
0,372,39,-1,-1,-1,-1,1,697.0251714654636,477.30058384712896,-1
0,372,40,-1,-1,-1,-1,1,326.4452063481458,393.789637374695,-1
0,372,41,-1,-1,-1,-1,1,701.9024524163806,213.03148915234254,-1
0,372,43,-1,-1,-1,-1,1,102.23379475377534,211.1676986453679,-1
0,372,45,-1,-1,-1,-1,1,700.655943755223,296.04055922725627,-1
0,372,46,-1,-1,-1,-1,1,573.0000495853487,219.00016528501635,-1
0,372,48,-1,-1,-1,-1,1,861.7010028017145,293.74625493254626,-1
0,372,53,-1,-1,-1,-1,1,567.0329588012374,151.16856294878716,-1
0,372,61,-1,-1,-1,-1,1,798.4662274838838,576.0827776314646,-1
0,372,63,-1,-1,-1,-1,1,122.80866962294164,404.4413759056067,-1
0,372,67,-1,-1,-1,-1,1,70.05622784071613,457.3061647423949,-1
0,372,69,-1,-1,-1,-1,1,870.5683975426605,262.7889909363174,-1
0,372,71,-1,-1,-1,-1,1,360.46393939313265,299.2444844898664,-1
0,372,73,-1,-1,-1,-1,1,733.6701894693927,555.834981364473,-1
0,372,74,-1,-1,-1,-1,1,286.3732972816281,565.197345860008,-1
0,372,75,-1,-1,-1,-1,1,842.3845027328352,535.0174759202778,-1
0,372,77,-1,-1,-1,-1,1,450.0028140646037,476.09550137307605,-1
0,372,80,-1,-1,-1,-1,1,224.03391330179375,339.4721266640152,-1
0,372,81,-1,-1,-1,-1,1,759.8384859058605,612.1235415434398,-1
0,372,82,-1,-1,-1,-1,1,297.00424766272357,619.0029983508995,-1
0,372,84,-1,-1,-1,-1,1,89.00099790440076,595.0229518012175,-1
0,372,85,-1,-1,-1,-1,1,730.0049895220038,88.97804610318332,-1
0,372,86,-1,-1,-1,-1,1,869.0149685660114,608.0199580880152,-1
0,372,87,-1,-1,-1,-1,1,637.975052389981,528.003991617603,-1
0,372,89,-1,-1,-1,-1,1,220.98702724279013,322.98403352958786,-1
0,372,90,-1,-1,-1,-1,1,258.9790440075841,573.9870272427902,-1
0,373,12,-1,-1,-1,-1,1,485.267049420528,199.41345957465816,-1
0,373,16,-1,-1,-1,-1,1,687.721322003777,521.4725409890142,-1
0,373,18,-1,-1,-1,-1,1,464.39489253978195,119.18284803718913,-1
0,373,20,-1,-1,-1,-1,1,612.5186449597803,233.72039768191595,-1
0,373,22,-1,-1,-1,-1,1,122.62893105503501,246.0670517991346,-1
0,373,39,-1,-1,-1,-1,1,715.0771676824533,492.3887769328663,-1
0,373,41,-1,-1,-1,-1,1,711.1911046903449,190.6427244298721,-1
0,373,42,-1,-1,-1,-1,1,274.8450244595933,564.4866041750319,-1
0,373,45,-1,-1,-1,-1,1,721.2739164770427,305.11920784799617,-1
0,373,46,-1,-1,-1,-1,1,586.9490750147636,217.07888740010276,-1
0,373,47,-1,-1,-1,-1,1,243.4603892213854,620.9074681230069,-1
0,373,48,-1,-1,-1,-1,1,884.2417873281322,287.1525578970139,-1
0,373,53,-1,-1,-1,-1,1,591.3328857494212,149.33166871035542,-1
0,373,61,-1,-1,-1,-1,1,798.9276422194323,600.4447961417109,-1
0,373,62,-1,-1,-1,-1,1,869.062531585282,221.61161777706099,-1
0,373,63,-1,-1,-1,-1,1,125.60451676252175,428.84082410990885,-1
0,373,67,-1,-1,-1,-1,1,70.91389996531294,482.30839379122386,-1
0,373,69,-1,-1,-1,-1,1,850.8573721007783,273.69452536883387,-1
0,373,71,-1,-1,-1,-1,1,384.07513122007185,298.01725061460223,-1
0,373,73,-1,-1,-1,-1,1,717.5173636037598,537.3472060030982,-1
0,373,74,-1,-1,-1,-1,1,269.4542771980295,551.1759345402431,-1
0,373,75,-1,-1,-1,-1,1,842.2556193193207,510.31650237582727,-1
0,373,77,-1,-1,-1,-1,1,471.9955693373318,466.622794053199,-1
0,373,80,-1,-1,-1,-1,1,216.01661035272713,362.2750316295671,-1
0,373,84,-1,-1,-1,-1,1,89.67747145615941,572.01149365991,-1
0,373,85,-1,-1,-1,-1,1,724.1640123163321,111.82746614022962,-1
0,373,86,-1,-1,-1,-1,1,853.1690087607172,588.0099944868782,-1
0,373,87,-1,-1,-1,-1,1,662.9875088890371,526.5173791247627,-1
0,373,89,-1,-1,-1,-1,1,239.024420057462,340.66892456208876,-1
0,373,90,-1,-1,-1,-1,1,288.3743665253957,582.8012032045508,-1
0,373,91,-1,-1,-1,-1,1,961.0269434188205,144.00099790440075,-1
0,373,92,-1,-1,-1,-1,1,162.99600838239698,596.0229518012175,-1
0,373,93,-1,-1,-1,-1,1,306.01496856601136,307.0199580880152,-1
0,374,5,-1,-1,-1,-1,1,43.69131670045494,168.6381904706914,-1
0,374,12,-1,-1,-1,-1,1,464.61555882980684,210.07001478424752,-1
0,374,16,-1,-1,-1,-1,1,665.297287495054,526.340271857009,-1
0,374,17,-1,-1,-1,-1,1,493.92883240616646,384.1099130850475,-1
0,374,18,-1,-1,-1,-1,1,440.1349434901462,120.49087357015637,-1
0,374,20,-1,-1,-1,-1,1,605.3712715911672,217.17223055118868,-1
0,374,32,-1,-1,-1,-1,1,302.4126306342184,495.49202499503787,-1
0,374,39,-1,-1,-1,-1,1,733.5447461935167,508.0686904986541,-1
0,374,45,-1,-1,-1,-1,1,741.6226043916329,316.04965259365144,-1
0,374,47,-1,-1,-1,-1,1,253.77934562999314,631.4179368621897,-1
0,374,53,-1,-1,-1,-1,1,615.1738535759138,147.78812475076833,-1
0,374,58,-1,-1,-1,-1,1,263.4473243644236,155.69244385466362,-1
0,374,61,-1,-1,-1,-1,1,799.5942144557972,624.6866094867551,-1
0,374,62,-1,-1,-1,-1,1,891.8196862236554,219.660188082766,-1
0,374,63,-1,-1,-1,-1,1,127.55661892332239,452.43456201900733,-1
0,374,66,-1,-1,-1,-1,1,720.0000099996715,133.99996000120112,-1
0,374,67,-1,-1,-1,-1,1,71.48779587810151,506.9489956820337,-1
0,374,69,-1,-1,-1,-1,1,830.2102614567315,285.3782289983065,-1
0,374,71,-1,-1,-1,-1,1,407.88051844126875,296.8616992192978,-1
0,374,74,-1,-1,-1,-1,1,250.49275692899758,538.268852447086,-1
0,374,75,-1,-1,-1,-1,1,842.6863310676362,485.44835960475655,-1
0,374,77,-1,-1,-1,-1,1,493.9926342950367,455.768030221532,-1
0,374,82,-1,-1,-1,-1,1,290.97196418968855,599.4082989743761,-1
0,374,85,-1,-1,-1,-1,1,717.4777677737483,136.23016282490133,-1
0,374,86,-1,-1,-1,-1,1,836.4807745906028,568.7192896581352,-1
0,374,87,-1,-1,-1,-1,1,690.1326489952978,525.431921199089,-1
0,374,89,-1,-1,-1,-1,1,256.4313955130057,358.6156640314997,-1
0,374,91,-1,-1,-1,-1,1,939.0444058350025,142.16203964854824,-1
0,374,92,-1,-1,-1,-1,1,165.32102961052507,572.1730335841143,-1
0,374,93,-1,-1,-1,-1,1,289.3305228548568,288.68691463846955,-1
0,374,94,-1,-1,-1,-1,1,758.9920167647939,458.0219538968167,-1
0,374,96,-1,-1,-1,-1,1,918.9770481987825,303.0029937132023,-1
0,375,5,-1,-1,-1,-1,1,22.443349319324405,173.86514489138077,-1
0,375,12,-1,-1,-1,-1,1,444.2740317428631,222.0372542041759,-1
0,375,17,-1,-1,-1,-1,1,470.7222096816151,377.2913007794513,-1
0,375,18,-1,-1,-1,-1,1,415.97977257699193,121.69279998268327,-1
0,375,32,-1,-1,-1,-1,1,278.41605260170434,498.85510643859635,-1
0,375,39,-1,-1,-1,-1,1,752.1564594383185,523.9160385224602,-1
0,375,42,-1,-1,-1,-1,1,269.4309489606456,609.4606705815111,-1
0,375,45,-1,-1,-1,-1,1,761.389436151291,328.267745680235,-1
0,375,53,-1,-1,-1,-1,1,639.0672432123415,146.08883261907494,-1
0,375,58,-1,-1,-1,-1,1,278.9960308808954,143.59760248465196,-1
0,375,63,-1,-1,-1,-1,1,130.11021160036216,475.13261227944986,-1
0,375,66,-1,-1,-1,-1,1,717.6710758457115,136.4549276348222,-1
0,375,69,-1,-1,-1,-1,1,809.9198443591928,297.8817978369249,-1
0,375,71,-1,-1,-1,-1,1,432.22407941536414,295.34079152545627,-1
0,375,73,-1,-1,-1,-1,1,684.3278181111609,506.5360432577017,-1
0,375,74,-1,-1,-1,-1,1,230.0364028295164,525.4333048779549,-1
0,375,75,-1,-1,-1,-1,1,842.9285367966941,461.4362046672361,-1
0,375,77,-1,-1,-1,-1,1,516.498964099347,445.8139805200152,-1
0,375,80,-1,-1,-1,-1,1,204.4390384496377,409.6722979483555,-1
0,375,84,-1,-1,-1,-1,1,90.78819294216416,522.6473124970044,-1
0,375,85,-1,-1,-1,-1,1,712.4261837058391,159.82094900456272,-1
0,375,86,-1,-1,-1,-1,1,821.4281985859599,549.6318906328036,-1
0,375,87,-1,-1,-1,-1,1,709.7832863914398,530.0473903564051,-1
0,375,89,-1,-1,-1,-1,1,271.76212448902356,374.7586418050925,-1
0,375,90,-1,-1,-1,-1,1,365.2498862701233,621.5988424292243,-1
0,375,91,-1,-1,-1,-1,1,911.4497020264109,142.32987677389713,-1
0,375,92,-1,-1,-1,-1,1,167.37810336218956,545.3435946883075,-1
0,375,93,-1,-1,-1,-1,1,273.09720499335776,271.33976806211456,-1
0,375,94,-1,-1,-1,-1,1,765.319031032771,434.3340737839747,-1
0,375,96,-1,-1,-1,-1,1,941.9885081779142,300.83995924882737,-1
0,375,97,-1,-1,-1,-1,1,108.0119748528091,304.9790440075841,-1
0,375,100,-1,-1,-1,-1,1,556.0229518012175,256.0,-1
0,376,5,-1,-1,-1,-1,1,4.99844387903024,175.66375714796226,-1
0,376,12,-1,-1,-1,-1,1,426.27944469985886,236.2969600106394,-1
0,376,17,-1,-1,-1,-1,1,448.3381664289183,370.7571301050128,-1
0,376,18,-1,-1,-1,-1,1,391.8689122734895,122.12606566128702,-1
0,376,32,-1,-1,-1,-1,1,254.79143380983905,501.72844180269846,-1
0,376,39,-1,-1,-1,-1,1,770.1028079619045,539.2514697126409,-1
0,376,40,-1,-1,-1,-1,1,252.46636926625106,444.98446433152606,-1
0,376,42,-1,-1,-1,-1,1,252.61196573448765,628.9708696474703,-1
0,376,53,-1,-1,-1,-1,1,662.64084221628,144.28434789385247,-1
0,376,62,-1,-1,-1,-1,1,938.9428000116415,219.1811131790666,-1
0,376,63,-1,-1,-1,-1,1,137.12279104090234,495.08497633869115,-1
0,376,66,-1,-1,-1,-1,1,719.4343204655221,126.77170835441414,-1
0,376,67,-1,-1,-1,-1,1,72.37212559394032,553.025521725558,-1
0,376,69,-1,-1,-1,-1,1,790.2457569809121,310.8224430018855,-1
0,376,71,-1,-1,-1,-1,1,456.0219975801905,293.6346137993586,-1
0,376,72,-1,-1,-1,-1,1,776.0000246904119,361.00017283331397,-1
0,376,73,-1,-1,-1,-1,1,663.7300218358571,499.36763598394674,-1
0,376,74,-1,-1,-1,-1,1,210.1023793510019,512.6194899415092,-1
0,376,75,-1,-1,-1,-1,1,843.0666648231072,437.88883084380836,-1
0,376,77,-1,-1,-1,-1,1,537.849402231399,435.84624775298266,-1
0,376,80,-1,-1,-1,-1,1,198.42272212753886,433.6219729949456,-1
0,376,83,-1,-1,-1,-1,1,303.00058329031566,610.9996389149728,-1
0,376,84,-1,-1,-1,-1,1,92.27847528308743,498.24103466075456,-1
0,376,85,-1,-1,-1,-1,1,706.8825352119418,183.09423419338935,-1
0,376,86,-1,-1,-1,-1,1,806.9972749003255,532.2836684106802,-1
0,376,87,-1,-1,-1,-1,1,731.0618535082347,539.0110420263009,-1
0,376,89,-1,-1,-1,-1,1,292.42757024035427,386.3275752973523,-1
0,376,91,-1,-1,-1,-1,1,889.7142859045084,141.20156591856116,-1
0,376,93,-1,-1,-1,-1,1,257.0013941871676,253.63876638342217,-1
0,376,94,-1,-1,-1,-1,1,773.5170666728818,411.8126847432514,-1
0,376,96,-1,-1,-1,-1,1,965.7064730003793,298.8111418968296,-1
0,376,97,-1,-1,-1,-1,1,97.68296754498303,325.1510457129822,-1
0,376,100,-1,-1,-1,-1,1,532.1730059162253,255.16153992420433,-1
0,376,102,-1,-1,-1,-1,1,756.9990020955993,35.9760502943818,-1
0,376,103,-1,-1,-1,-1,1,601.0229518012175,512.996008382397,-1
0,377,17,-1,-1,-1,-1,1,425.3855649188871,363.7248041462555,-1
0,377,18,-1,-1,-1,-1,1,367.77992850958304,123.74130928288787,-1
0,377,32,-1,-1,-1,-1,1,231.03540115342633,504.98537046431835,-1
0,377,39,-1,-1,-1,-1,1,787.9457302380864,554.9577685259426,-1
0,377,40,-1,-1,-1,-1,1,238.17414634620317,462.54030292998584,-1
0,377,53,-1,-1,-1,-1,1,686.6975768967234,142.40850765178905,-1
0,377,62,-1,-1,-1,-1,1,962.91466557577,221.57737108633134,-1
0,377,63,-1,-1,-1,-1,1,147.49132956354063,513.9162598402847,-1
0,377,66,-1,-1,-1,-1,1,723.1941964041373,112.00818928024528,-1
0,377,67,-1,-1,-1,-1,1,71.69630036715103,577.7219599223419,-1
0,377,69,-1,-1,-1,-1,1,770.5339147894675,324.3929677008471,-1
0,377,72,-1,-1,-1,-1,1,786.8602539314597,368.40327633046115,-1
0,377,73,-1,-1,-1,-1,1,641.3155068055243,493.30725029035847,-1
0,377,74,-1,-1,-1,-1,1,194.255682915786,501.05212577307395,-1
0,377,75,-1,-1,-1,-1,1,842.725353932655,414.1893962819702,-1
0,377,77,-1,-1,-1,-1,1,559.4528521139015,425.4311583518292,-1
0,377,80,-1,-1,-1,-1,1,192.9226862728083,457.0903456000118,-1
0,377,83,-1,-1,-1,-1,1,314.2316960863747,608.259258290269,-1
0,377,84,-1,-1,-1,-1,1,94.00395551414434,475.1057773214645,-1
0,377,85,-1,-1,-1,-1,1,698.576422598073,208.75581010635133,-1
0,377,86,-1,-1,-1,-1,1,791.3145744613429,514.184781655318,-1
0,377,87,-1,-1,-1,-1,1,751.5852484976565,548.3415779567231,-1
0,377,89,-1,-1,-1,-1,1,314.46196720715517,395.36761835595473,-1
0,377,91,-1,-1,-1,-1,1,865.7478796097967,139.57623341779959,-1
0,377,92,-1,-1,-1,-1,1,173.65031052196625,501.16155215223927,-1
0,377,93,-1,-1,-1,-1,1,241.51547413270535,235.79366943748028,-1
0,377,94,-1,-1,-1,-1,1,782.2533608971878,390.8757732556029,-1
0,377,96,-1,-1,-1,-1,1,989.6236662428713,296.81529446814665,-1
0,377,97,-1,-1,-1,-1,1,86.19752473300466,346.60998531920194,-1
0,377,100,-1,-1,-1,-1,1,508.196568723231,254.18976079801033,-1
0,377,102,-1,-1,-1,-1,1,754.6455567321198,59.98800661574613,-1
0,377,103,-1,-1,-1,-1,1,578.8499777279462,516.1595410268287,-1
0,377,106,-1,-1,-1,-1,1,337.9780461031833,149.00399161760302,-1
0,377,108,-1,-1,-1,-1,1,373.99600838239695,578.0239497056182,-1
0,378,17,-1,-1,-1,-1,1,402.06023892711283,356.7058295162065,-1
0,378,18,-1,-1,-1,-1,1,343.3573890053157,125.15670873032137,-1
0,378,40,-1,-1,-1,-1,1,224.6576434540011,481.1932581769406,-1
0,378,53,-1,-1,-1,-1,1,710.0478469689867,140.81668243116087,-1
0,378,62,-1,-1,-1,-1,1,986.1368316493441,222.60798809046497,-1
0,378,63,-1,-1,-1,-1,1,162.97143403368187,532.6892339741545,-1
0,378,67,-1,-1,-1,-1,1,72.07100378590047,601.7512961642832,-1
0,378,69,-1,-1,-1,-1,1,750.0136225479763,337.56585793971914,-1
0,378,71,-1,-1,-1,-1,1,504.31628722830993,289.8825132557148,-1
0,378,72,-1,-1,-1,-1,1,797.4789080025457,377.40717338254024,-1
0,378,73,-1,-1,-1,-1,1,618.1559599712161,488.9871165390626,-1
0,378,74,-1,-1,-1,-1,1,175.66262154931823,484.2682657442492,-1
0,378,75,-1,-1,-1,-1,1,842.8982254013587,390.3943103873217,-1
0,378,77,-1,-1,-1,-1,1,581.2060743706116,414.7590326058052,-1
0,378,80,-1,-1,-1,-1,1,189.4448394732904,478.56101009328944,-1
0,378,82,-1,-1,-1,-1,1,253.83890656076505,577.1053848677847,-1
0,378,83,-1,-1,-1,-1,1,330.5495356594508,607.3941356712679,-1
0,378,84,-1,-1,-1,-1,1,94.92898640309464,451.1028430488039,-1
0,378,85,-1,-1,-1,-1,1,693.5901189875215,231.39222182527809,-1
0,378,86,-1,-1,-1,-1,1,775.9387972992287,496.1665457624796,-1
0,378,87,-1,-1,-1,-1,1,772.6876612224679,559.6710553359552,-1
0,378,89,-1,-1,-1,-1,1,337.15236335786284,402.715735852783,-1
0,378,91,-1,-1,-1,-1,1,841.7774424993174,139.25129345403693,-1
0,378,92,-1,-1,-1,-1,1,176.22434965704107,477.861185960591,-1
0,378,93,-1,-1,-1,-1,1,225.28632814277145,218.3867069380386,-1
0,378,94,-1,-1,-1,-1,1,798.4195033649205,372.1967321497725,-1
0,378,97,-1,-1,-1,-1,1,81.84950965404506,369.05927879630747,-1
0,378,100,-1,-1,-1,-1,1,483.5668562465268,253.18531121248594,-1
0,378,102,-1,-1,-1,-1,1,739.6307039507178,69.72734459056845,-1
0,378,103,-1,-1,-1,-1,1,553.2503192385763,520.6151005899616,-1
0,378,104,-1,-1,-1,-1,1,224.00044433064642,525.0003332481681,-1
0,378,106,-1,-1,-1,-1,1,362.5044655399341,146.67891904896697,-1
0,378,110,-1,-1,-1,-1,1,405.01496856601136,294.98203772078637,-1
0,378,111,-1,-1,-1,-1,1,717.975052389981,210.00099790440075,-1
0,379,14,-1,-1,-1,-1,1,798.2944424453336,602.9402592231354,-1
0,379,17,-1,-1,-1,-1,1,379.5097577198777,349.6965918130313,-1
0,379,32,-1,-1,-1,-1,1,183.74725358241017,508.87749904358964,-1
0,379,40,-1,-1,-1,-1,1,212.3092097792297,500.0853599942782,-1
0,379,67,-1,-1,-1,-1,1,71.20333626437687,624.6856054905244,-1
0,379,71,-1,-1,-1,-1,1,528.1202853352529,287.978571049514,-1
0,379,72,-1,-1,-1,-1,1,804.6216293026024,391.9853978539483,-1
0,379,73,-1,-1,-1,-1,1,594.8537805860785,485.4328215502912,-1
0,379,74,-1,-1,-1,-1,1,166.97336244136076,464.23390571266265,-1
0,379,77,-1,-1,-1,-1,1,603.0514412906057,404.7284615507009,-1
0,379,82,-1,-1,-1,-1,1,254.40538133720077,566.3236317036482,-1
0,379,85,-1,-1,-1,-1,1,683.3566931311043,249.74903388072187,-1
0,379,86,-1,-1,-1,-1,1,758.0828036697546,482.57502079947875,-1
0,379,87,-1,-1,-1,-1,1,785.7323082695424,575.110046758346,-1
0,379,89,-1,-1,-1,-1,1,360.6132778701418,409.62882540872687,-1
0,379,91,-1,-1,-1,-1,1,818.7432003249179,138.17344081300757,-1
0,379,92,-1,-1,-1,-1,1,183.44514761958075,453.23053954696405,-1
0,379,93,-1,-1,-1,-1,1,209.62224229451945,200.7278523418333,-1
0,379,94,-1,-1,-1,-1,1,812.3040546932955,353.4949755513947,-1
0,379,97,-1,-1,-1,-1,1,79.06793551824948,392.984455523541,-1
0,379,100,-1,-1,-1,-1,1,459.25223846940446,252.7279772833853,-1
0,379,103,-1,-1,-1,-1,1,529.1693508992927,524.1952055133298,-1
0,379,104,-1,-1,-1,-1,1,224.2285094387579,541.3963109308406,-1
0,379,106,-1,-1,-1,-1,1,387.4244258695231,146.04822538217047,-1
0,379,108,-1,-1,-1,-1,1,376.41015480540767,530.0085457969882,-1
0,379,110,-1,-1,-1,-1,1,390.8459805724381,313.82946503760525,-1
0,379,111,-1,-1,-1,-1,1,742.1490229831768,209.0004997243439,-1
0,379,114,-1,-1,-1,-1,1,80.97605029438179,113.99800419119849,-1
0,380,14,-1,-1,-1,-1,1,800.7757961096667,622.3298633566992,-1
0,380,18,-1,-1,-1,-1,1,295.89806826665136,127.6867505474916,-1
0,380,21,-1,-1,-1,-1,1,365.6889485490261,333.4866428273442,-1
0,380,40,-1,-1,-1,-1,1,199.14611267303974,518.6606312376414,-1
0,380,53,-1,-1,-1,-1,1,757.0165554896444,137.2789227390092,-1
0,380,69,-1,-1,-1,-1,1,719.9948084976847,369.1270160103635,-1
0,380,71,-1,-1,-1,-1,1,552.3920775529784,286.0376083352116,-1
0,380,73,-1,-1,-1,-1,1,570.6748423479593,482.0268662045862,-1
0,380,75,-1,-1,-1,-1,1,838.7666662954481,340.1866799057364,-1
0,380,77,-1,-1,-1,-1,1,624.9551292088535,394.71677506523224,-1
0,380,82,-1,-1,-1,-1,1,237.40534205435077,564.9789697612815,-1
0,380,83,-1,-1,-1,-1,1,342.4846307654065,608.6905841154814,-1
0,380,84,-1,-1,-1,-1,1,96.30691119302675,403.65443847059043,-1
0,380,85,-1,-1,-1,-1,1,667.9972061830523,263.99884183078063,-1
0,380,86,-1,-1,-1,-1,1,737.9589555025952,471.9308891075097,-1
0,380,87,-1,-1,-1,-1,1,805.8768003499713,594.9399961870218,-1
0,380,89,-1,-1,-1,-1,1,384.4956024057533,416.33068856034794,-1
0,380,91,-1,-1,-1,-1,1,794.8911229446139,136.684584768739,-1
0,380,92,-1,-1,-1,-1,1,185.68833222383583,428.86873669330447,-1
0,380,93,-1,-1,-1,-1,1,193.38345239570998,182.92925173399894,-1
0,380,94,-1,-1,-1,-1,1,822.6467304682699,339.91051080971135,-1
0,380,97,-1,-1,-1,-1,1,75.41533588534692,417.5542807407823,-1
0,380,100,-1,-1,-1,-1,1,435.5916311358336,252.00947186865696,-1
0,380,103,-1,-1,-1,-1,1,505.67951306434696,527.4408007733786,-1
0,380,104,-1,-1,-1,-1,1,215.7983789033214,550.8522414388729,-1
0,380,106,-1,-1,-1,-1,1,411.19483280863875,144.64088702422558,-1
0,380,108,-1,-1,-1,-1,1,377.4250458283787,504.6734214020076,-1
0,380,110,-1,-1,-1,-1,1,376.1014685016714,334.23136641802125,-1
0,380,111,-1,-1,-1,-1,1,766.1821360023295,207.28702920574437,-1
0,380,114,-1,-1,-1,-1,1,101.63406491003394,123.54514123347315,-1
0,380,118,-1,-1,-1,-1,1,395.9780461031833,599.0079832352061,-1
0,380,120,-1,-1,-1,-1,1,283.9780461031833,551.0109769484084,-1
0,380,121,-1,-1,-1,-1,1,743.9920167647939,21.021953896816687,-1
0,380,123,-1,-1,-1,-1,1,796.024947610019,138.0,-1
0,381,14,-1,-1,-1,-1,1,793.1673350475963,631.5138002006652,-1
0,381,18,-1,-1,-1,-1,1,271.7089169511217,128.7429563385038,-1
0,381,21,-1,-1,-1,-1,1,355.0906419573942,322.0574774974366,-1
0,381,53,-1,-1,-1,-1,1,781.2613805335484,136.09364696151374,-1
0,381,71,-1,-1,-1,-1,1,576.1986299494985,284.07511582046556,-1
0,381,73,-1,-1,-1,-1,1,546.2931920070641,479.43659482483054,-1
0,381,75,-1,-1,-1,-1,1,842.3660322115734,317.93156146861213,-1
0,381,77,-1,-1,-1,-1,1,646.8964821327689,384.7163162008821,-1
0,381,82,-1,-1,-1,-1,1,231.7686604750278,559.1171919766783,-1
0,381,83,-1,-1,-1,-1,1,339.3132345836349,601.7799821155219,-1
0,381,84,-1,-1,-1,-1,1,99.34225391763317,380.3315787783619,-1
0,381,85,-1,-1,-1,-1,1,649.9665978372228,276.2117595014165,-1
0,381,86,-1,-1,-1,-1,1,716.4784381323256,463.42386361430255,-1
0,381,87,-1,-1,-1,-1,1,812.2781538463419,599.4875590020989,-1
0,381,89,-1,-1,-1,-1,1,407.4064413385038,422.5401000121746,-1
0,381,92,-1,-1,-1,-1,1,187.36198308969955,405.05661635889646,-1
0,381,93,-1,-1,-1,-1,1,177.2308316125902,165.04925418869297,-1
0,381,94,-1,-1,-1,-1,1,821.7769626507346,326.43963961474213,-1
0,381,97,-1,-1,-1,-1,1,76.9300506281286,441.02364980923255,-1
0,381,100,-1,-1,-1,-1,1,411.3195721632174,251.62705263503665,-1
0,381,103,-1,-1,-1,-1,1,481.94736485557235,532.0588867695711,-1
0,381,104,-1,-1,-1,-1,1,209.9027344436858,556.1513518736127,-1
0,381,106,-1,-1,-1,-1,1,435.63750873402626,142.92604538996133,-1
0,381,108,-1,-1,-1,-1,1,379.01292851930646,481.81185680358425,-1
0,381,110,-1,-1,-1,-1,1,363.05812718612225,353.1992547543299,-1
0,381,111,-1,-1,-1,-1,1,788.9343711442777,205.37234913162425,-1
0,381,113,-1,-1,-1,-1,1,224.00131230200643,600.0001874718776,-1
0,381,114,-1,-1,-1,-1,1,117.4710637425439,137.85790948402516,-1
0,381,118,-1,-1,-1,-1,1,419.6659796340736,595.1962981737296,-1
0,381,119,-1,-1,-1,-1,1,710.00474738775,66.9970016491005,-1
0,381,120,-1,-1,-1,-1,1,305.1505219164923,541.6824171193743,-1
0,381,123,-1,-1,-1,-1,1,767.658547487521,138.83846007579567,-1
0,381,124,-1,-1,-1,-1,1,812.9990020955993,460.9760502943818,-1
0,381,125,-1,-1,-1,-1,1,664.0219538968167,64.99900209559924,-1
0,382,21,-1,-1,-1,-1,1,342.5826052560079,310.36229033651927,-1
0,382,53,-1,-1,-1,-1,1,798.2719317504877,127.90888276082629,-1
0,382,71,-1,-1,-1,-1,1,601.1513853206342,281.4005545972897,-1
0,382,73,-1,-1,-1,-1,1,522.1500321982827,477.01622757918955,-1
0,382,75,-1,-1,-1,-1,1,851.4305424761412,297.9660083776409,-1
0,382,77,-1,-1,-1,-1,1,669.2305054444408,375.0816425296457,-1
0,382,80,-1,-1,-1,-1,1,166.19149390551377,573.7600454279301,-1
0,382,82,-1,-1,-1,-1,1,236.91957451900052,560.8720818293614,-1
0,382,83,-1,-1,-1,-1,1,330.1404547691031,591.3494137384284,-1
0,382,84,-1,-1,-1,-1,1,104.38207088758938,356.7208746992404,-1
0,382,86,-1,-1,-1,-1,1,693.7816028018547,455.44444075300174,-1
0,382,89,-1,-1,-1,-1,1,431.2424284558766,428.85112326413673,-1
0,382,91,-1,-1,-1,-1,1,746.5041241013315,135.31712594454385,-1
0,382,92,-1,-1,-1,-1,1,187.88830619497705,380.37288004813615,-1
0,382,93,-1,-1,-1,-1,1,161.53333293087545,147.5171077179311,-1
0,382,94,-1,-1,-1,-1,1,814.0295068255014,309.6696439226852,-1
0,382,97,-1,-1,-1,-1,1,77.25334140224732,465.20041115175843,-1
0,382,100,-1,-1,-1,-1,1,387.15491974141565,250.98726909800504,-1
0,382,103,-1,-1,-1,-1,1,457.62155494219644,534.5539088734166,-1
0,382,104,-1,-1,-1,-1,1,205.2355360740764,569.8678389755221,-1
0,382,106,-1,-1,-1,-1,1,459.36688935898866,141.57679346231893,-1
0,382,108,-1,-1,-1,-1,1,385.38436990854126,460.437684923356,-1
0,382,110,-1,-1,-1,-1,1,348.984493535556,372.72878402666237,-1
0,382,111,-1,-1,-1,-1,1,812.3227651269075,204.49940830237009,-1
0,382,113,-1,-1,-1,-1,1,222.72945148442835,611.8179220691159,-1
0,382,114,-1,-1,-1,-1,1,134.4567589951704,155.33856458336666,-1
0,382,118,-1,-1,-1,-1,1,443.61407891398875,594.193418273795,-1
0,382,119,-1,-1,-1,-1,1,704.4959426548155,86.06529525108758,-1
0,382,120,-1,-1,-1,-1,1,327.6098154056752,531.9105165925235,-1
0,382,124,-1,-1,-1,-1,1,811.4840426379801,484.98800661574614,-1
0,382,125,-1,-1,-1,-1,1,640.3340203659263,66.83796035145176,-1
0,382,127,-1,-1,-1,-1,1,726.0049895220038,431.9760502943818,-1
0,382,128,-1,-1,-1,-1,1,614.0209559924159,272.98902305159163,-1
0,383,18,-1,-1,-1,-1,1,223.63691157696718,130.97901343864393,-1
0,383,21,-1,-1,-1,-1,1,330.0640926912483,296.7644013519336,-1
0,383,71,-1,-1,-1,-1,1,624.7529362699729,279.9552892392475,-1
0,383,73,-1,-1,-1,-1,1,497.4750887902513,475.029160834193,-1
0,383,75,-1,-1,-1,-1,1,863.5655844561486,279.0791191081323,-1
0,383,77,-1,-1,-1,-1,1,690.7441229474254,364.9875069787159,-1
0,383,80,-1,-1,-1,-1,1,160.3705317987111,598.0600880790726,-1
0,383,84,-1,-1,-1,-1,1,109.85852099565027,333.3444928925843,-1
0,383,86,-1,-1,-1,-1,1,671.0784080891634,448.5026549197836,-1
0,383,89,-1,-1,-1,-1,1,454.1554988523197,435.2495449786292,-1
0,383,91,-1,-1,-1,-1,1,721.848011346943,134.64049004760872,-1
0,383,92,-1,-1,-1,-1,1,191.19382096308183,355.53360410971266,-1
0,383,93,-1,-1,-1,-1,1,143.40665143497174,130.96462693215005,-1
0,383,97,-1,-1,-1,-1,1,78.52419795849121,488.11542787929295,-1
0,383,100,-1,-1,-1,-1,1,363.4727828084841,250.61375789201637,-1
0,383,103,-1,-1,-1,-1,1,433.85631104391643,537.2136793210558,-1
0,383,104,-1,-1,-1,-1,1,201.25860426387658,585.4800480207181,-1
0,383,106,-1,-1,-1,-1,1,483.6772390042742,140.40892814202522,-1
0,383,108,-1,-1,-1,-1,1,394.59407566692016,438.8707616710804,-1
0,383,110,-1,-1,-1,-1,1,334.4416263043423,392.51002139140513,-1
0,383,111,-1,-1,-1,-1,1,836.5122194284304,203.0808327158637,-1
0,383,114,-1,-1,-1,-1,1,149.68942532513432,172.28178488213442,-1
0,383,118,-1,-1,-1,-1,1,468.24830954156647,590.8461082496358,-1
0,383,119,-1,-1,-1,-1,1,699.3333997023695,108.29595642451787,-1
0,383,124,-1,-1,-1,-1,1,812.4222131682902,508.9927784412805,-1
0,383,125,-1,-1,-1,-1,1,616.3859210860112,68.8099383037097,-1
0,383,127,-1,-1,-1,-1,1,722.6794700339135,455.98800661574614,-1
0,383,128,-1,-1,-1,-1,1,591.3335207214878,283.1560429564213,-1
0,383,129,-1,-1,-1,-1,1,760.0159664704121,556.0189601836144,-1
0,383,130,-1,-1,-1,-1,1,182.00598742640454,357.02594551441973,-1
0,384,18,-1,-1,-1,-1,1,200.63735221849774,132.95363821343926,-1
0,384,71,-1,-1,-1,-1,1,647.7776557824151,279.6753620518205,-1
0,384,73,-1,-1,-1,-1,1,473.5044457807888,472.6371850178049,-1
0,384,77,-1,-1,-1,-1,1,707.4349140473761,350.4613727499371,-1
0,384,80,-1,-1,-1,-1,1,154.9172766098676,620.9470272355882,-1
0,384,84,-1,-1,-1,-1,1,116.77951209248701,310.11483280231766,-1
0,384,86,-1,-1,-1,-1,1,647.6589690133488,441.84464636460814,-1
0,384,89,-1,-1,-1,-1,1,477.92076084455243,441.36376995450627,-1
0,384,91,-1,-1,-1,-1,1,697.8637084744404,134.22385983595825,-1
0,384,92,-1,-1,-1,-1,1,194.03188218457757,332.0759395723699,-1
0,384,93,-1,-1,-1,-1,1,135.02030661856384,121.31616969188178,-1
0,384,97,-1,-1,-1,-1,1,80.34071460393352,511.8546472309834,-1
0,384,100,-1,-1,-1,-1,1,339.2791803865468,249.60593023398454,-1
0,384,103,-1,-1,-1,-1,1,410.836142023485,539.975480941854,-1
0,384,106,-1,-1,-1,-1,1,506.98056585786946,138.89752727399994,-1
0,384,108,-1,-1,-1,-1,1,404.89643430373803,417.1935109526268,-1
0,384,110,-1,-1,-1,-1,1,323.8950173270374,412.88266099882986,-1
0,384,111,-1,-1,-1,-1,1,860.1642429392618,201.8548763104318,-1
0,384,113,-1,-1,-1,-1,1,227.51560978335436,624.9966257582596,-1
0,384,114,-1,-1,-1,-1,1,165.17260486841573,189.43914799192368,-1
0,384,118,-1,-1,-1,-1,1,492.01983839650154,588.2573438483853,-1
0,384,120,-1,-1,-1,-1,1,371.8537329890223,511.2737283274914,-1
0,384,124,-1,-1,-1,-1,1,812.8224801250008,532.9951545549396,-1
0,384,125,-1,-1,-1,-1,1,592.3745041361032,70.8144868939699,-1
0,384,127,-1,-1,-1,-1,1,718.1954199612065,479.9927784412805,-1
0,384,128,-1,-1,-1,-1,1,569.0990090834705,292.4731792243949,-1
0,384,129,-1,-1,-1,-1,1,745.684966122737,537.84795483833,-1
0,384,130,-1,-1,-1,-1,1,178.5184555842124,332.689912984533,-1
0,384,132,-1,-1,-1,-1,1,761.0159664704121,278.01796227921363,-1
0,384,135,-1,-1,-1,-1,1,280.99501047799623,609.9770481987825,-1
0,384,136,-1,-1,-1,-1,1,788.0,67.02594551441972,-1
0,385,18,-1,-1,-1,-1,1,181.89498375246822,140.8393011153819,-1
0,385,71,-1,-1,-1,-1,1,669.7132646737962,284.1350900097734,-1
0,385,73,-1,-1,-1,-1,1,449.34591021301236,470.93914831426986,-1
0,385,77,-1,-1,-1,-1,1,721.5174776059697,333.5955814068309,-1
0,385,84,-1,-1,-1,-1,1,123.57146628546847,287.33529496955646,-1
0,385,86,-1,-1,-1,-1,1,624.1416971677576,435.3431073607773,-1
0,385,89,-1,-1,-1,-1,1,501.16620314569167,447.6548940518684,-1
0,385,91,-1,-1,-1,-1,1,674.2535694718449,133.59478205787295,-1
0,385,92,-1,-1,-1,-1,1,196.56053971607477,308.8035320016551,-1
0,385,93,-1,-1,-1,-1,1,111.70310727275769,113.64641342414048,-1
0,385,97,-1,-1,-1,-1,1,79.75883001602865,536.1056852335913,-1
0,385,100,-1,-1,-1,-1,1,315.1517251239116,249.34865163844083,-1
0,385,103,-1,-1,-1,-1,1,386.6585392835885,543.2002883368133,-1
0,385,105,-1,-1,-1,-1,1,929.0001499950727,281.0001999939945,-1
0,385,106,-1,-1,-1,-1,1,530.9594325673395,137.18641329956068,-1
0,385,107,-1,-1,-1,-1,1,11.000024690411864,133.99971605955562,-1
0,385,108,-1,-1,-1,-1,1,416.21975965103877,395.85997671829296,-1
0,385,110,-1,-1,-1,-1,1,316.40116641695823,434.0102977016805,-1
0,385,111,-1,-1,-1,-1,1,884.404770782229,201.17220541536742,-1
0,385,113,-1,-1,-1,-1,1,229.92257014974837,616.7058085888536,-1
0,385,114,-1,-1,-1,-1,1,182.21226375218296,208.07775426978947,-1
0,385,118,-1,-1,-1,-1,1,515.398872998748,586.5099518838715,-1
0,385,119,-1,-1,-1,-1,1,689.9054822528893,153.7350763673805,-1
0,385,120,-1,-1,-1,-1,1,393.3720333092313,501.07010284272155,-1
0,385,124,-1,-1,-1,-1,1,813.567681651461,556.4405026335609,-1
0,385,125,-1,-1,-1,-1,1,568.3460337193884,72.27187715985568,-1
0,385,127,-1,-1,-1,-1,1,704.0321299408804,492.79012171556724,-1
0,385,129,-1,-1,-1,-1,1,729.4853387806018,518.3894128842381,-1
0,385,130,-1,-1,-1,-1,1,176.1462336358603,307.20175837418765,-1
0,385,132,-1,-1,-1,-1,1,745.0079943110162,259.17053496239475,-1
0,385,135,-1,-1,-1,-1,1,282.6435581543657,632.1500462642944,-1
0,385,136,-1,-1,-1,-1,1,789.6769718117209,43.52837306032868,-1
0,385,139,-1,-1,-1,-1,1,283.01796227921363,243.0169643748129,-1
0,386,18,-1,-1,-1,-1,1,165.90590707147942,153.1613870796285,-1
0,386,71,-1,-1,-1,-1,1,690.8885736438796,291.88108801991035,-1
0,386,73,-1,-1,-1,-1,1,424.3819135049601,469.0459584588472,-1
0,386,77,-1,-1,-1,-1,1,734.5080236024215,315.4701314180335,-1
0,386,84,-1,-1,-1,-1,1,131.34789407828606,264.16450377505754,-1
0,386,89,-1,-1,-1,-1,1,524.4042488435989,453.7349220296615,-1
0,386,91,-1,-1,-1,-1,1,650.881771932842,132.8387476206116,-1
0,386,92,-1,-1,-1,-1,1,199.2431724298391,285.6519298386062,-1
0,386,93,-1,-1,-1,-1,1,87.38399713253379,108.30836027503707,-1
0,386,97,-1,-1,-1,-1,1,80.24907086945177,560.310191558473,-1
0,386,100,-1,-1,-1,-1,1,291.4444541129227,249.20231793362964,-1
0,386,103,-1,-1,-1,-1,1,363.3043429900841,546.333938894172,-1
0,386,105,-1,-1,-1,-1,1,942.6453737266147,280.14175042982896,-1
0,386,106,-1,-1,-1,-1,1,554.5465279296915,135.75211570700014,-1
0,386,108,-1,-1,-1,-1,1,427.7229529608986,374.72502559770294,-1
0,386,110,-1,-1,-1,-1,1,310.22828960124593,456.8115900769378,-1
0,386,111,-1,-1,-1,-1,1,907.7278322350643,201.6311467641884,-1
0,386,113,-1,-1,-1,-1,1,231.6073888348412,600.7527465382724,-1
0,386,114,-1,-1,-1,-1,1,197.9017295205758,226.17737591102545,-1
0,386,117,-1,-1,-1,-1,1,365.9999183719964,635.9997755225775,-1
0,386,118,-1,-1,-1,-1,1,539.0520559960119,584.238715758026,-1
0,386,119,-1,-1,-1,-1,1,685.0313216261067,178.43179350637604,-1
0,386,120,-1,-1,-1,-1,1,415.14160780023565,490.47855263020386,-1
0,386,124,-1,-1,-1,-1,1,813.4496922586193,580.6509585953733,-1
0,386,125,-1,-1,-1,-1,1,544.3141467714048,72.97787954909873,-1
0,386,128,-1,-1,-1,-1,1,526.4865339964189,312.8688494281848,-1
0,386,129,-1,-1,-1,-1,1,714.6166920399177,501.052826538652,-1
0,386,130,-1,-1,-1,-1,1,173.45158861779535,284.49143040538496,-1
0,386,132,-1,-1,-1,-1,1,729.7181995861118,240.90844865958556,-1
0,386,136,-1,-1,-1,-1,1,788.7671391944899,19.725269268712903,-1
0,386,139,-1,-1,-1,-1,1,268.362937223335,224.33157516225518,-1
0,386,143,-1,-1,-1,-1,1,239.01995808801516,521.0109769484084,-1
0,386,144,-1,-1,-1,-1,1,672.0259455144197,487.9970062867977,-1
0,386,145,-1,-1,-1,-1,1,21.98702724279014,209.99800419119848,-1
0,387,69,-1,-1,-1,-1,1,572.9701202649642,437.147221325752,-1
0,387,71,-1,-1,-1,-1,1,711.5347613634908,301.59020420246264,-1
0,387,73,-1,-1,-1,-1,1,399.89121322484334,466.9968855755093,-1
0,387,77,-1,-1,-1,-1,1,746.0774923989104,295.51053808919403,-1
0,387,84,-1,-1,-1,-1,1,138.38230887433534,239.37484459225965,-1
0,387,89,-1,-1,-1,-1,1,547.6306545437326,460.6939713670668,-1
0,387,91,-1,-1,-1,-1,1,626.2401600756399,132.3469287836476,-1
0,387,92,-1,-1,-1,-1,1,203.809163961361,260.51783240378757,-1
0,387,97,-1,-1,-1,-1,1,79.5953674958125,585.5570310064235,-1
0,387,100,-1,-1,-1,-1,1,267.27786233502354,249.12655656575683,-1
0,387,103,-1,-1,-1,-1,1,340.10491361882276,549.4100639177728,-1
0,387,105,-1,-1,-1,-1,1,957.6174520679272,278.5864300719562,-1
0,387,106,-1,-1,-1,-1,1,578.6640630711522,134.10840144219256,-1
0,387,108,-1,-1,-1,-1,1,439.304839742307,353.7050734169929,-1
0,387,110,-1,-1,-1,-1,1,304.8231144353714,479.8139478142395,-1
0,387,111,-1,-1,-1,-1,1,932.1014217406648,202.77087402110936,-1
0,387,117,-1,-1,-1,-1,1,367.41534474517925,620.115309843883,-1
0,387,118,-1,-1,-1,-1,1,562.8562646249736,582.1143541838737,-1
0,387,119,-1,-1,-1,-1,1,679.6015818826858,202.1725337930028,-1
0,387,120,-1,-1,-1,-1,1,437.0127453588364,481.0400296081554,-1
0,387,124,-1,-1,-1,-1,1,814.3073255852654,605.2458713396146,-1
0,387,125,-1,-1,-1,-1,1,519.8131698089975,74.7169970412716,-1
0,387,128,-1,-1,-1,-1,1,504.3404206055977,323.5550331131806,-1
0,387,129,-1,-1,-1,-1,1,695.2457249581228,491.7455154373089,-1
0,387,130,-1,-1,-1,-1,1,170.0646027890049,260.0445293816688,-1
0,387,132,-1,-1,-1,-1,1,714.0087105976725,222.1942962337916,-1
0,387,139,-1,-1,-1,-1,1,252.10663405504133,207.5244519443871,-1
0,387,143,-1,-1,-1,-1,1,220.68696470049113,509.1670368919874,-1
0,387,144,-1,-1,-1,-1,1,648.5284484729826,490.99850082696827,-1
0,387,145,-1,-1,-1,-1,1,46.732307304345575,223.73744161245145,-1
0,387,146,-1,-1,-1,-1,1,855.0,601.0229518012175,-1
0,387,147,-1,-1,-1,-1,1,238.9950104779962,560.0179622792136,-1
0,388,69,-1,-1,-1,-1,1,549.8461882898409,438.7592031503606,-1
0,388,71,-1,-1,-1,-1,1,731.4775435384615,312.9754416748865,-1
0,388,73,-1,-1,-1,-1,1,376.76989058786484,466.4217666673299,-1
0,388,77,-1,-1,-1,-1,1,757.0218392689679,274.9413492367777,-1
0,388,83,-1,-1,-1,-1,1,358.3490227913229,584.009695067181,-1
0,388,84,-1,-1,-1,-1,1,146.62688873040315,216.47073308517412,-1
0,388,89,-1,-1,-1,-1,1,570.4960580209339,466.9383504974357,-1
0,388,91,-1,-1,-1,-1,1,602.8471278087754,131.3552150299945,-1
0,388,92,-1,-1,-1,-1,1,206.8614575101538,239.093903859686,-1
0,388,97,-1,-1,-1,-1,1,79.60784844496105,610.4389977257946,-1
0,388,100,-1,-1,-1,-1,1,243.52439853650517,249.09571196046713,-1
0,388,103,-1,-1,-1,-1,1,317.0053589978093,553.5272362730483,-1
0,388,105,-1,-1,-1,-1,1,972.3067697428949,275.6523937987026,-1
0,388,107,-1,-1,-1,-1,1,19.89036863286939,130.76288188254844,-1
0,388,108,-1,-1,-1,-1,1,450.90902747605304,333.1218248593036,-1
0,388,110,-1,-1,-1,-1,1,299.4808665220779,502.54475523776483,-1
0,388,111,-1,-1,-1,-1,1,956.3588817080688,203.94301135771175,-1
0,388,114,-1,-1,-1,-1,1,234.4816459766093,259.2213636655969,-1
0,388,118,-1,-1,-1,-1,1,587.1668770351102,579.2392927293074,-1
0,388,119,-1,-1,-1,-1,1,674.3644639218878,226.08172614590308,-1
0,388,120,-1,-1,-1,-1,1,458.93787327801465,470.9703976739778,-1
0,388,124,-1,-1,-1,-1,1,814.8138787052008,629.6073118386645,-1
0,388,125,-1,-1,-1,-1,1,495.9424747694269,75.70330498875815,-1
0,388,128,-1,-1,-1,-1,1,482.27924111887427,333.39581225283763,-1
0,388,129,-1,-1,-1,-1,1,673.3584632648974,486.49939164687345,-1
0,388,130,-1,-1,-1,-1,1,162.30407837672985,239.36554354240704,-1
0,388,132,-1,-1,-1,-1,1,698.136965567916,204.42130616989596,-1
0,388,139,-1,-1,-1,-1,1,236.6242099384346,190.0126092521636,-1
0,388,143,-1,-1,-1,-1,1,204.05348490306696,495.7665272940189,-1
0,388,144,-1,-1,-1,-1,1,625.4388585904246,494.71236899769565,-1
0,388,145,-1,-1,-1,-1,1,69.06061644070152,230.0702150283327,-1
0,388,146,-1,-1,-1,-1,1,855.8384859058605,576.3345735083186,-1
0,388,147,-1,-1,-1,-1,1,259.0902480832955,557.939736478308,-1
0,388,149,-1,-1,-1,-1,1,994.9810398163856,210.02794132322123,-1
0,388,150,-1,-1,-1,-1,1,77.97804610318332,136.99900209559925,-1
0,389,18,-1,-1,-1,-1,1,103.51790878630679,173.49185861317602,-1
0,389,69,-1,-1,-1,-1,1,526.7451769305468,437.9504534661495,-1
0,389,71,-1,-1,-1,-1,1,751.2688724271128,325.20567855414663,-1
0,389,77,-1,-1,-1,-1,1,767.5590600423799,253.64835108348035,-1
0,389,83,-1,-1,-1,-1,1,367.33145621247377,574.3575600271852,-1
0,389,85,-1,-1,-1,-1,1,590.0616968398424,461.29943506530844,-1
0,389,89,-1,-1,-1,-1,1,593.4484059701872,473.02149548465025,-1
0,389,91,-1,-1,-1,-1,1,580.6634238728744,135.3445197404271,-1
0,389,97,-1,-1,-1,-1,1,80.06677447030398,634.3815367552977,-1
0,389,100,-1,-1,-1,-1,1,223.96075288403128,246.3457995275153,-1
0,389,103,-1,-1,-1,-1,1,290.7214768463803,556.9329573057671,-1
0,389,106,-1,-1,-1,-1,1,627.2096990202139,130.5151003413077,-1
0,389,107,-1,-1,-1,-1,1,14.914472664518122,128.24403925609303,-1
0,389,108,-1,-1,-1,-1,1,463.6127163811167,312.81615351503865,-1
0,389,110,-1,-1,-1,-1,1,295.65888662222056,526.1982334197688,-1
0,389,111,-1,-1,-1,-1,1,979.0317434706303,206.2345082685275,-1
0,389,114,-1,-1,-1,-1,1,248.81055679102874,278.05329934874015,-1
0,389,118,-1,-1,-1,-1,1,610.9792810350062,576.7045788536947,-1
0,389,119,-1,-1,-1,-1,1,668.8313185758223,250.1379085675823,-1
0,389,120,-1,-1,-1,-1,1,480.49270790160233,460.9292182745639,-1
0,389,125,-1,-1,-1,-1,1,472.0196719482676,76.67250006816488,-1
0,389,126,-1,-1,-1,-1,1,361.0001975232949,501.00003703571014,-1
0,389,129,-1,-1,-1,-1,1,650.2394109142822,482.74749251991847,-1
0,389,130,-1,-1,-1,-1,1,150.47859172480327,226.1823261692595,-1
0,389,132,-1,-1,-1,-1,1,679.6560973752381,193.14374037394225,-1
0,389,139,-1,-1,-1,-1,1,220.32052342793344,171.67257200309274,-1
0,389,143,-1,-1,-1,-1,1,195.98713710440703,475.08430644912676,-1
0,389,144,-1,-1,-1,-1,1,601.8273179108878,497.3822434324682,-1
0,389,145,-1,-1,-1,-1,1,90.63707805408639,232.37564785992095,-1
0,389,146,-1,-1,-1,-1,1,855.383569597245,552.8129856415313,-1
0,389,148,-1,-1,-1,-1,1,159.00174903759208,197.0,-1
0,389,150,-1,-1,-1,-1,1,94.11960648132963,145.54564095781706,-1
0,389,152,-1,-1,-1,-1,1,929.0209559924159,239.99800419119848,-1
0,389,153,-1,-1,-1,-1,1,227.00299371320227,255.00898113960682,-1
0,390,17,-1,-1,-1,-1,1,130.58917167827965,262.9397889155798,-1
0,390,77,-1,-1,-1,-1,1,777.8413797095386,232.18485270453647,-1
0,390,83,-1,-1,-1,-1,1,381.2224362772053,568.8122679569133,-1
0,390,84,-1,-1,-1,-1,1,160.9304124831673,172.33054444283664,-1
0,390,85,-1,-1,-1,-1,1,600.6009936073473,487.492313790814,-1
0,390,89,-1,-1,-1,-1,1,616.1168272952445,484.17522218697405,-1
0,390,91,-1,-1,-1,-1,1,559.6645535121689,143.096692781868,-1
0,390,103,-1,-1,-1,-1,1,267.6035001882325,560.2006594488736,-1
0,390,106,-1,-1,-1,-1,1,651.1266754115077,128.93379732762367,-1
0,390,108,-1,-1,-1,-1,1,476.6691114067002,293.03902051073993,-1
0,390,113,-1,-1,-1,-1,1,224.32637297515814,621.1734970248922,-1
0,390,114,-1,-1,-1,-1,1,264.25133996372483,296.88576141779987,-1
0,390,118,-1,-1,-1,-1,1,634.865097728424,574.0000524258193,-1
0,390,119,-1,-1,-1,-1,1,663.1194243269111,273.51599846759166,-1
0,390,120,-1,-1,-1,-1,1,502.5929384535517,450.905559559266,-1
0,390,122,-1,-1,-1,-1,1,199.99992562197693,446.0000495855049,-1
0,390,125,-1,-1,-1,-1,1,448.0651990876083,78.03122174253974,-1
0,390,126,-1,-1,-1,-1,1,352.17567926393883,511.80111519619345,-1
0,390,128,-1,-1,-1,-1,1,439.9202466696901,353.3184595268085,-1
0,390,129,-1,-1,-1,-1,1,626.0423893391953,472.7160468788936,-1
0,390,130,-1,-1,-1,-1,1,129.85251842315475,213.07301520559062,-1
0,390,132,-1,-1,-1,-1,1,657.9923692168659,186.9681076011936,-1
0,390,139,-1,-1,-1,-1,1,204.15438060991963,153.4711494187293,-1
0,390,144,-1,-1,-1,-1,1,578.010336811682,500.2122317923634,-1
0,390,145,-1,-1,-1,-1,1,113.02863027425128,234.86028536741094,-1
0,390,146,-1,-1,-1,-1,1,855.8039907211227,528.3859678515088,-1
0,390,150,-1,-1,-1,-1,1,112.17451103075862,164.56438392258994,-1
0,390,152,-1,-1,-1,-1,1,905.4950348156274,242.83746062710784,-1
0,390,153,-1,-1,-1,-1,1,249.99456201498933,240.97373706432123,-1
0,390,154,-1,-1,-1,-1,1,205.01496856601136,155.01596647041214,-1
0,390,155,-1,-1,-1,-1,1,502.02295180121746,414.00598742640454,-1
0,391,17,-1,-1,-1,-1,1,114.99833871672688,268.00165191615065,-1
0,391,18,-1,-1,-1,-1,1,73.88360485865931,181.44878501036007,-1
0,391,77,-1,-1,-1,-1,1,785.9528784517299,209.99331659556438,-1
0,391,83,-1,-1,-1,-1,1,398.7933358743862,565.0875314607221,-1
0,391,84,-1,-1,-1,-1,1,173.72216121869104,155.3640172891509,-1
0,391,85,-1,-1,-1,-1,1,594.6494754890737,500.97336636515234,-1
0,391,89,-1,-1,-1,-1,1,639.2612348705534,489.28587173480315,-1
0,391,91,-1,-1,-1,-1,1,539.149142614375,152.15946346051294,-1
0,391,103,-1,-1,-1,-1,1,252.2828240089708,570.1199928692696,-1
0,391,106,-1,-1,-1,-1,1,674.6994760832563,127.56369937850077,-1
0,391,108,-1,-1,-1,-1,1,490.6558387461557,273.6095443651548,-1
0,391,110,-1,-1,-1,-1,1,273.79662600688096,575.2755127972898,-1
0,391,113,-1,-1,-1,-1,1,225.97106380887774,620.46594979515,-1
0,391,114,-1,-1,-1,-1,1,279.4998087808986,314.31779148300916,-1
0,391,117,-1,-1,-1,-1,1,372.85395544284114,625.9586090051773,-1
0,391,118,-1,-1,-1,-1,1,659.1748754963379,571.5558177683546,-1
0,391,119,-1,-1,-1,-1,1,656.150202893532,295.3396383551963,-1
0,391,120,-1,-1,-1,-1,1,524.2909526757849,440.89291223515926,-1
0,391,122,-1,-1,-1,-1,1,198.65170312293918,432.73128378538365,-1
0,391,125,-1,-1,-1,-1,1,424.0909848333285,79.2521447598263,-1
0,391,126,-1,-1,-1,-1,1,342.9683631379669,526.8553275185619,-1
0,391,128,-1,-1,-1,-1,1,417.6905367825816,363.6811377735315,-1
0,391,130,-1,-1,-1,-1,1,113.41515285001783,199.94785645786575,-1
0,391,132,-1,-1,-1,-1,1,635.5009093903316,183.50382066700627,-1
0,391,133,-1,-1,-1,-1,1,297.00001562428224,577.9997031379942,-1
0,391,139,-1,-1,-1,-1,1,185.709011155642,136.28083380654928,-1
0,391,146,-1,-1,-1,-1,1,856.0026381220478,504.1727080892581,-1
0,391,152,-1,-1,-1,-1,1,883.0020508070808,245.80963740542973,-1
0,391,153,-1,-1,-1,-1,1,274.26810295004145,235.41380487554457,-1
0,391,155,-1,-1,-1,-1,1,477.3345200103649,407.1645382702678,-1
0,391,156,-1,-1,-1,-1,1,216.0049895220038,303.9760502943818,-1
0,391,157,-1,-1,-1,-1,1,925.0229518012175,206.99900209559925,-1
0,391,158,-1,-1,-1,-1,1,784.9790440075841,378.98602933838936,-1
0,392,18,-1,-1,-1,-1,1,61.44168924716917,188.06581397932305,-1
0,392,84,-1,-1,-1,-1,1,173.3390498861589,133.88997668796813,-1
0,392,89,-1,-1,-1,-1,1,662.4027748648447,494.8924515611947,-1
0,392,91,-1,-1,-1,-1,1,519.3040372986077,163.71969417084733,-1
0,392,92,-1,-1,-1,-1,1,214.42940496134165,155.55332631195918,-1
0,392,103,-1,-1,-1,-1,1,231.25459485560629,579.9581215436177,-1
0,392,104,-1,-1,-1,-1,1,151.50739841720048,640.8159129904241,-1
0,392,106,-1,-1,-1,-1,1,698.4180272132587,125.62796284815408,-1
0,392,108,-1,-1,-1,-1,1,504.90825331758725,254.40818037978696,-1
0,392,110,-1,-1,-1,-1,1,265.6655591536959,600.4656139732007,-1
0,392,114,-1,-1,-1,-1,1,297.89851894610473,328.0554097838729,-1
0,392,117,-1,-1,-1,-1,1,377.88149990365065,613.7949661914867,-1
0,392,118,-1,-1,-1,-1,1,683.0270332359636,569.6404029746642,-1
0,392,119,-1,-1,-1,-1,1,642.7870039106068,312.88188687681384,-1
0,392,120,-1,-1,-1,-1,1,545.7234304719392,430.52799277541095,-1
0,392,122,-1,-1,-1,-1,1,197.37733609479415,416.4909459531407,-1
0,392,125,-1,-1,-1,-1,1,399.72746308379436,80.38529428407709,-1
0,392,126,-1,-1,-1,-1,1,347.5204310225441,536.7909554405437,-1
0,392,128,-1,-1,-1,-1,1,395.56736001805933,373.8893469993661,-1
0,392,129,-1,-1,-1,-1,1,579.2137804907029,467.7073940253029,-1
0,392,131,-1,-1,-1,-1,1,752.0000899970436,26.99993000210193,-1
0,392,132,-1,-1,-1,-1,1,612.1412852881165,181.1180074788906,-1
0,392,133,-1,-1,-1,-1,1,295.7822660619208,592.965902880649,-1
0,392,144,-1,-1,-1,-1,1,530.1483830422769,506.72261962653033,-1
0,392,146,-1,-1,-1,-1,1,856.1003565651745,480.05880360289774,-1
0,392,148,-1,-1,-1,-1,1,143.53670971237926,206.02396579502417,-1
0,392,152,-1,-1,-1,-1,1,860.8159392823077,254.41680142011188,-1
0,392,153,-1,-1,-1,-1,1,299.37410957562764,232.8982720461818,-1
0,392,155,-1,-1,-1,-1,1,454.5263878051307,400.1915661876902,-1
0,392,156,-1,-1,-1,-1,1,210.1640123163321,327.14954653995045,-1
0,392,157,-1,-1,-1,-1,1,900.3345200103648,205.4841200482691,-1
0,392,158,-1,-1,-1,-1,1,792.5737329730241,398.0237643139592,-1
0,392,161,-1,-1,-1,-1,1,326.01297275720987,562.9910188603932,-1
0,393,18,-1,-1,-1,-1,1,46.30653720561032,189.37489170319512,-1
0,393,83,-1,-1,-1,-1,1,397.8942359888244,554.4800328006687,-1
0,393,89,-1,-1,-1,-1,1,684.8646822280615,501.800126305991,-1
0,393,91,-1,-1,-1,-1,1,499.9218871242178,176.06377120585134,-1
0,393,92,-1,-1,-1,-1,1,224.39969704932128,146.16503994430826,-1
0,393,103,-1,-1,-1,-1,1,219.97350685206786,579.2413748227299,-1
0,393,106,-1,-1,-1,-1,1,721.5239471366303,124.0016087528511,-1
0,393,108,-1,-1,-1,-1,1,522.1063744325966,238.6863089009905,-1
0,393,114,-1,-1,-1,-1,1,317.30193310252474,339.0355958664605,-1
0,393,117,-1,-1,-1,-1,1,379.5896207122332,599.615373007549,-1
0,393,118,-1,-1,-1,-1,1,706.9317821807607,567.3732394347693,-1
0,393,119,-1,-1,-1,-1,1,626.268319751675,327.2476018569262,-1
0,393,120,-1,-1,-1,-1,1,566.9788098040419,420.279907076234,-1
0,393,122,-1,-1,-1,-1,1,195.52146124812901,398.9254298456559,-1
0,393,125,-1,-1,-1,-1,1,376.58027843886765,81.82113316876743,-1
0,393,128,-1,-1,-1,-1,1,373.8735649365336,383.6377053181041,-1
0,393,129,-1,-1,-1,-1,1,553.9782579772734,469.06222314393324,-1
0,393,131,-1,-1,-1,-1,1,751.6144178758024,37.575137093105866,-1
0,393,132,-1,-1,-1,-1,1,588.6845964651792,179.71642395683858,-1
0,393,133,-1,-1,-1,-1,1,294.8178792392943,607.9905442536367,-1
0,393,146,-1,-1,-1,-1,1,856.1476695961195,455.9957649371256,-1
0,393,150,-1,-1,-1,-1,1,161.19299567961872,218.8084455653749,-1
0,393,152,-1,-1,-1,-1,1,839.8582212374566,265.68610323140683,-1
0,393,153,-1,-1,-1,-1,1,323.59696228642474,230.9208745006263,-1
0,393,154,-1,-1,-1,-1,1,138.81401331656522,133.97287051492762,-1
0,393,155,-1,-1,-1,-1,1,432.259607025562,393.8090243981606,-1
0,393,156,-1,-1,-1,-1,1,204.9045451320376,350.1825392392908,-1
0,393,157,-1,-1,-1,-1,1,876.0996104468413,204.9955248808222,-1
0,393,158,-1,-1,-1,-1,1,795.1745796794778,420.7103094061608,-1
0,393,161,-1,-1,-1,-1,1,318.87589671872377,582.8954834662484,-1
0,393,164,-1,-1,-1,-1,1,98.0119748528091,324.9780461031833,-1
0,393,165,-1,-1,-1,-1,1,129.99900209559925,305.97704819878254,-1
0,393,166,-1,-1,-1,-1,1,469.9760502943818,556.003991617603,-1
0,394,18,-1,-1,-1,-1,1,28.139966852332773,186.89119903920422,-1
0,394,83,-1,-1,-1,-1,1,403.20701533817834,549.1625984350497,-1
0,394,89,-1,-1,-1,-1,1,705.1591497154146,510.8831349416603,-1
0,394,106,-1,-1,-1,-1,1,745.942487312915,122.25185311663704,-1
0,394,108,-1,-1,-1,-1,1,541.3376125143989,227.66038851802855,-1
0,394,114,-1,-1,-1,-1,1,338.4428800086855,348.5025936330766,-1
0,394,119,-1,-1,-1,-1,1,607.2919631917282,339.8494357640616,-1
0,394,120,-1,-1,-1,-1,1,588.82664658821,410.11151076673775,-1
0,394,122,-1,-1,-1,-1,1,196.57507654964377,387.1316294946053,-1
0,394,125,-1,-1,-1,-1,1,352.0831381683644,83.10790161324537,-1
0,394,128,-1,-1,-1,-1,1,351.6954333065499,393.83377715347615,-1
0,394,131,-1,-1,-1,-1,1,755.8050165867002,30.658276630048363,-1
0,394,132,-1,-1,-1,-1,1,564.8033477144362,178.87408882450586,-1
0,394,144,-1,-1,-1,-1,1,482.1785217149798,514.1615852455406,-1
0,394,146,-1,-1,-1,-1,1,856.1682357766668,431.5217221264855,-1
0,394,153,-1,-1,-1,-1,1,348.3898010517516,229.13542668926974,-1
0,394,154,-1,-1,-1,-1,1,116.696678103975,129.62422072178964,-1
0,394,155,-1,-1,-1,-1,1,409.6309620491169,387.0948830177027,-1
0,394,156,-1,-1,-1,-1,1,196.7002752187799,358.2404219815957,-1
0,394,157,-1,-1,-1,-1,1,852.6258197689338,204.18893544334387,-1
0,394,158,-1,-1,-1,-1,1,795.1975107265122,444.3967172631456,-1
0,394,161,-1,-1,-1,-1,1,314.8165035880851,605.9569449264172,-1
0,394,164,-1,-1,-1,-1,1,86.00599573326214,350.34284636761663,-1
0,394,165,-1,-1,-1,-1,1,132.67647216728238,328.98850634009005,-1
0,394,166,-1,-1,-1,-1,1,493.1495226276153,555.3558392005583,-1
0,395,18,-1,-1,-1,-1,1,9.749553326525742,185.78109186128734,-1
0,395,83,-1,-1,-1,-1,1,415.5128458195407,545.0336520279157,-1
0,395,89,-1,-1,-1,-1,1,724.9109961863412,521.5148140340959,-1
0,395,106,-1,-1,-1,-1,1,771.2718866193925,120.74222294669885,-1
0,395,114,-1,-1,-1,-1,1,360.42947447977616,356.94367043669126,-1
0,395,120,-1,-1,-1,-1,1,610.3817483366558,399.99786371326974,-1
0,395,122,-1,-1,-1,-1,1,196.19214629274876,387.7512728272063,-1
0,395,125,-1,-1,-1,-1,1,328.0874768285316,83.9506366416485,-1
0,395,128,-1,-1,-1,-1,1,329.9278427091011,403.96339640262596,-1
0,395,129,-1,-1,-1,-1,1,506.0352572278104,464.80719376927766,-1
0,395,131,-1,-1,-1,-1,1,760.884930148329,36.82214993041203,-1
0,395,132,-1,-1,-1,-1,1,540.2922002322571,178.34253610209925,-1
0,395,144,-1,-1,-1,-1,1,459.57023541389094,517.7031073889098,-1
0,395,146,-1,-1,-1,-1,1,856.5932041858898,407.6432968247077,-1
0,395,150,-1,-1,-1,-1,1,193.1388776946912,256.4985206242102,-1
0,395,152,-1,-1,-1,-1,1,799.685148283693,289.98466507105667,-1
0,395,153,-1,-1,-1,-1,1,372.5006043964437,227.41229590759374,-1
0,395,154,-1,-1,-1,-1,1,93.1288916790981,125.74095068129283,-1
0,395,155,-1,-1,-1,-1,1,386.32554761028257,380.2312892249348,-1
0,395,157,-1,-1,-1,-1,1,829.9957961052388,204.3752324126336,-1
0,395,158,-1,-1,-1,-1,1,795.9960935938063,468.4171035817266,-1
0,395,161,-1,-1,-1,-1,1,312.8378982015115,629.2223408952157,-1
0,395,162,-1,-1,-1,-1,1,188.00168724543684,326.99856271560526,-1
0,395,164,-1,-1,-1,-1,1,75.43038553851474,368.38834842790754,-1
0,395,165,-1,-1,-1,-1,1,135.62039322938318,354.1328944171673,-1
0,395,166,-1,-1,-1,-1,1,516.8958253631596,553.8156170160074,-1
0,395,170,-1,-1,-1,-1,1,255.99401257359546,525.0209559924159,-1
0,395,171,-1,-1,-1,-1,1,790.9940125735955,100.01896018361441,-1
0,395,173,-1,-1,-1,-1,1,744.003991617603,90.98103981638559,-1
0,395,174,-1,-1,-1,-1,1,155.99700628679773,569.0239497056182,-1
0,395,175,-1,-1,-1,-1,1,281.9760502943818,160.00399161760302,-1
0,395,176,-1,-1,-1,-1,1,382.0009979044008,534.0229518012175,-1
0,395,177,-1,-1,-1,-1,1,479.0119748528091,238.97904400758406,-1
0,396,73,-1,-1,-1,-1,1,191.92616276545965,417.1957616652703,-1
0,396,89,-1,-1,-1,-1,1,744.2832060312049,534.4787340505587,-1
0,396,106,-1,-1,-1,-1,1,797.5799081597921,119.72034742713484,-1
0,396,114,-1,-1,-1,-1,1,382.9931463141199,364.362117219975,-1
0,396,120,-1,-1,-1,-1,1,631.733593108747,390.254180830188,-1
0,396,125,-1,-1,-1,-1,1,304.08787178169894,84.82887144394556,-1
0,396,128,-1,-1,-1,-1,1,308.43562954308595,414.0489831945404,-1
0,396,129,-1,-1,-1,-1,1,482.11357991668,465.17787027496087,-1
0,396,132,-1,-1,-1,-1,1,515.7534379801031,177.97358665600794,-1
0,396,144,-1,-1,-1,-1,1,441.35138844291214,528.8740649231961,-1
0,396,146,-1,-1,-1,-1,1,856.4596179194398,383.72702278616254,-1
0,396,150,-1,-1,-1,-1,1,209.94637180280574,274.9706881181667,-1
0,396,152,-1,-1,-1,-1,1,780.1952921142178,303.71605480763486,-1
0,396,153,-1,-1,-1,-1,1,397.10313363759974,225.69891860536927,-1
0,396,154,-1,-1,-1,-1,1,69.80945662339906,123.71967652740541,-1
0,396,155,-1,-1,-1,-1,1,364.5594816992271,372.8257589964999,-1
0,396,157,-1,-1,-1,-1,1,806.2150944369957,203.48582694846746,-1
0,396,158,-1,-1,-1,-1,1,795.6758050969282,493.06222592642246,-1
0,396,162,-1,-1,-1,-1,1,183.63819330407506,313.81790112572634,-1
0,396,164,-1,-1,-1,-1,1,71.48715556713911,389.95044953065127,-1
0,396,165,-1,-1,-1,-1,1,138.0069134344807,377.3889074366053,-1
0,396,166,-1,-1,-1,-1,1,541.4313141324476,552.0038572003932,-1
0,396,170,-1,-1,-1,-1,1,275.41277662713605,512.3950949691788,-1
0,396,171,-1,-1,-1,-1,1,796.1585162275085,75.97873430776033,-1
0,396,172,-1,-1,-1,-1,1,753.9980010998947,59.00274848832455,-1
0,396,173,-1,-1,-1,-1,1,739.1635126718936,116.69818584383098,-1
0,396,174,-1,-1,-1,-1,1,158.99850106668447,546.6889135358452,-1
0,396,176,-1,-1,-1,-1,1,386.0314150796012,509.3345735083186,-1
0,396,177,-1,-1,-1,-1,1,465.32902392154125,257.47412556139085,-1
0,396,181,-1,-1,-1,-1,1,544.0219538968167,346.98902305159163,-1
0,396,182,-1,-1,-1,-1,1,735.9850314339886,509.0189601836144,-1
0,396,183,-1,-1,-1,-1,1,605.9770481987825,246.00099790440075,-1
0,397,89,-1,-1,-1,-1,1,763.393496449429,548.4915585459863,-1
0,397,106,-1,-1,-1,-1,1,818.1468018290681,115.54976911672293,-1
0,397,114,-1,-1,-1,-1,1,406.28755022178717,371.40927805385786,-1
0,397,120,-1,-1,-1,-1,1,653.2887407670539,380.111232568403,-1
0,397,125,-1,-1,-1,-1,1,279.391500945866,86.06512527325229,-1
0,397,128,-1,-1,-1,-1,1,288.5364516103232,426.4705150394032,-1
0,397,129,-1,-1,-1,-1,1,457.44701313780394,463.3423474746275,-1
0,397,132,-1,-1,-1,-1,1,491.21476729785195,177.67804790891947,-1
0,397,144,-1,-1,-1,-1,1,415.8313784386484,529.9664373402669,-1
0,397,146,-1,-1,-1,-1,1,853.6485282341165,361.31333594537597,-1
0,397,147,-1,-1,-1,-1,1,386.96524554272804,484.9374699056156,-1
0,397,150,-1,-1,-1,-1,1,226.83466121948865,293.1196639606995,-1
0,397,152,-1,-1,-1,-1,1,759.9923066557686,317.4224342375032,-1
0,397,153,-1,-1,-1,-1,1,420.71999020310164,223.97346398026218,-1
0,397,154,-1,-1,-1,-1,1,47.901848113816534,121.85846717491384,-1
0,397,155,-1,-1,-1,-1,1,345.837277528873,360.7409353559882,-1
0,397,156,-1,-1,-1,-1,1,182.5494671773253,435.2750880918213,-1
0,397,157,-1,-1,-1,-1,1,780.9114519144596,203.46078860032307,-1
0,397,162,-1,-1,-1,-1,1,179.85021196987907,295.57387980167755,-1
0,397,164,-1,-1,-1,-1,1,70.02098456529897,412.3150663591279,-1
0,397,165,-1,-1,-1,-1,1,140.73449213315288,402.7027463953224,-1
0,397,166,-1,-1,-1,-1,1,565.1476264796966,550.0871985847172,-1
0,397,170,-1,-1,-1,-1,1,296.2503585192917,501.1087108837764,-1
0,397,171,-1,-1,-1,-1,1,803.3280149917871,52.57082524045275,-1
0,397,172,-1,-1,-1,-1,1,736.217693672735,58.94617380730839,-1
0,397,174,-1,-1,-1,-1,1,161.28570927579898,523.9144282701633,-1
0,397,175,-1,-1,-1,-1,1,329.9914571047574,155.72694535200196,-1
0,397,176,-1,-1,-1,-1,1,388.7222163774573,487.23952902660255,-1
0,397,177,-1,-1,-1,-1,1,450.6695255900121,276.276235222687,-1
0,397,181,-1,-1,-1,-1,1,521.1725062717868,356.31758288062565,-1
0,397,182,-1,-1,-1,-1,1,745.1231039923993,486.65565445935164,-1
0,397,183,-1,-1,-1,-1,1,630.6654799896352,245.0004997243439,-1
0,397,185,-1,-1,-1,-1,1,91.00598742640454,625.9850314339886,-1
0,398,89,-1,-1,-1,-1,1,781.9932275739824,563.5509437796095,-1
0,398,103,-1,-1,-1,-1,1,98.82886942492294,602.3061021750932,-1
0,398,114,-1,-1,-1,-1,1,429.73976197754786,378.2147428649862,-1
0,398,117,-1,-1,-1,-1,1,394.7625185640636,609.3018429021306,-1
0,398,120,-1,-1,-1,-1,1,670.885078298834,366.4525228229311,-1
0,398,125,-1,-1,-1,-1,1,255.24135406617089,87.2229463599655,-1
0,398,128,-1,-1,-1,-1,1,271.47497895031705,441.48836669989424,-1
0,398,129,-1,-1,-1,-1,1,432.9831809111769,461.45090221981246,-1
0,398,132,-1,-1,-1,-1,1,466.69245802104206,177.05891774866262,-1
0,398,144,-1,-1,-1,-1,1,390.4375788714076,531.3372538384024,-1
0,398,146,-1,-1,-1,-1,1,846.1022388841096,340.59586942888063,-1
0,398,150,-1,-1,-1,-1,1,242.9648816732125,311.1988508465808,-1
0,398,152,-1,-1,-1,-1,1,740.2960795160645,330.4696854471855,-1
0,398,153,-1,-1,-1,-1,1,445.3372779284105,222.22733444624603,-1
0,398,154,-1,-1,-1,-1,1,24.278158632549932,120.1039502738346,-1
0,398,155,-1,-1,-1,-1,1,328.02423191127906,345.9795285586319,-1
0,398,156,-1,-1,-1,-1,1,176.49949258060846,462.1218576691627,-1
0,398,157,-1,-1,-1,-1,1,757.431647103889,202.14999825256785,-1
0,398,158,-1,-1,-1,-1,1,796.430621574871,540.7322911210001,-1
0,398,162,-1,-1,-1,-1,1,176.4858964977521,275.68567471602074,-1
0,398,164,-1,-1,-1,-1,1,69.60737926844479,436.04804816410694,-1
0,398,165,-1,-1,-1,-1,1,144.12139708715694,426.90984374152987,-1
0,398,166,-1,-1,-1,-1,1,589.5076555473614,548.1239989247362,-1
0,398,173,-1,-1,-1,-1,1,727.5075363522114,163.787196671226,-1
0,398,175,-1,-1,-1,-1,1,353.3292629468427,155.71374167721467,-1
0,398,176,-1,-1,-1,-1,1,393.4963405977311,464.01917155093906,-1
0,398,177,-1,-1,-1,-1,1,436.9898161441728,296.424550283769,-1
0,398,181,-1,-1,-1,-1,1,500.33643407897955,366.0894834074765,-1
0,398,182,-1,-1,-1,-1,1,753.3230610859781,465.1913036444321,-1
0,398,183,-1,-1,-1,-1,1,654.187000874014,243.28702920574437,-1
0,398,189,-1,-1,-1,-1,1,835.0159664704121,619.0169643748129,-1
0,398,190,-1,-1,-1,-1,1,336.0,615.0219538968167,-1
0,399,89,-1,-1,-1,-1,1,799.2380776050387,571.4772363861576,-1
0,399,114,-1,-1,-1,-1,1,451.5926020442954,384.550874862626,-1
0,399,117,-1,-1,-1,-1,1,399.7217479987596,603.2831918643328,-1
0,399,120,-1,-1,-1,-1,1,686.0287278601021,349.37171689208174,-1
0,399,125,-1,-1,-1,-1,1,231.47781710441282,88.64972423670284,-1
0,399,128,-1,-1,-1,-1,1,256.38635079655734,458.6219556693139,-1
0,399,129,-1,-1,-1,-1,1,407.90539113301276,458.9110294093619,-1
0,399,132,-1,-1,-1,-1,1,442.5465567086505,176.53168435095841,-1
0,399,144,-1,-1,-1,-1,1,366.559666735171,533.5707233101134,-1
0,399,146,-1,-1,-1,-1,1,835.0867499659795,320.9765544183097,-1
0,399,150,-1,-1,-1,-1,1,258.6462784995819,328.5165153477829,-1
0,399,152,-1,-1,-1,-1,1,722.0873014494825,344.7356141634269,-1
0,399,153,-1,-1,-1,-1,1,469.02476995931556,220.83973556777903,-1
0,399,154,-1,-1,-1,-1,1,4.453832346721403,119.5979080658657,-1
0,399,155,-1,-1,-1,-1,1,311.14144761949785,329.6415144733479,-1
0,399,156,-1,-1,-1,-1,1,172.8110101812391,486.874027505599,-1
0,399,157,-1,-1,-1,-1,1,733.3353113340394,202.17770877353254,-1
0,399,158,-1,-1,-1,-1,1,795.12852065547,566.1051107461428,-1
0,399,162,-1,-1,-1,-1,1,169.78861081068922,255.45153548753314,-1
0,399,164,-1,-1,-1,-1,1,68.7326869055288,460.45661629093075,-1
0,399,165,-1,-1,-1,-1,1,147.3655456337593,451.4920652567804,-1
0,399,166,-1,-1,-1,-1,1,613.2502714146002,546.6066544247524,-1
0,399,170,-1,-1,-1,-1,1,339.80277717928664,480.55614648248644,-1
0,399,171,-1,-1,-1,-1,1,812.1657089601679,6.344690334726135,-1
0,399,175,-1,-1,-1,-1,1,377.05392543143813,153.96336698955412,-1
0,399,176,-1,-1,-1,-1,1,402.94334696261166,442.03216622116116,-1
0,399,181,-1,-1,-1,-1,1,477.58311512695263,375.3737525334962,-1
0,399,182,-1,-1,-1,-1,1,760.6694139015808,441.5107790534847,-1
0,399,183,-1,-1,-1,-1,1,677.9915071192565,241.99485095603384,-1
0,399,189,-1,-1,-1,-1,1,820.684966122737,600.3315751622551,-1
0,399,190,-1,-1,-1,-1,1,332.6460563765582,594.6879140871574,-1
0,399,191,-1,-1,-1,-1,1,811.9990020955993,63.02195389681668,-1
0,399,192,-1,-1,-1,-1,1,23.985031433988624,196.99201676479393,-1
0,399,194,-1,-1,-1,-1,1,811.9990020955993,61.02095599241593,-1
