360 185 444
360 144 434
360 225 479
360 408 605
360 354 104
360 757 308
360 274 558
360 387 291
360 125 348
360 247 514
360 508 401
360 792 186
360 202 405
360 702 517
360 834 557
360 861 318
360 806 493
360 761 91
360 981 181
360 824 441
360 430 383
360 415 232
360 558 508
360 585 420
360 12 178
360 473 554
360 635 449
360 371 489
360 137 190
360 779 192
360 556 241
360 634 450
360 280 171
360 626 137
360 400 424
360 418 457
361 582 506
361 412 401
361 612 453
361 808 422
361 496 549
361 236 537
361 454 391
361 391 231
361 265 572
361 394 453
361 367 511
361 569 283
361 182 421
361 531 390
361 330 106
361 374 311
361 123 210
361 133 144
361 440 300
361 579 239
361 128 372
361 710 495
361 840 330
361 786 172
361 196 429
361 564 412
361 11 210
361 145 408
361 304 168
361 267 635
361 406 583
361 765 182
361 29 171
361 753 103
361 789 475
361 50 210
362 790 150
362 717 473
362 853 594
362 409 558
362 368 230
362 606 504
362 190 452
362 358 330
362 552 380
362 231 433
362 793 404
362 675 135
362 180 396
362 362 533
362 224 556
362 306 107
362 521 547
362 742 184
362 794 336
362 549 294
362 146 384
362 770 467
362 587 456
362 53 171
362 131 395
362 820 342
362 724 105
362 266 598
362 466 298
362 272 607
362 793 337
362 329 169
362 108 143
362 478 396
362 372 453
362 76 224
363 280 108
363 699 133
363 177 371
363 777 385
363 133 419
363 500 404
363 358 559
363 853 619
363 82 143
363 562 459
363 422 545
363 264 621
363 702 106
363 211 579
363 359 474
363 628 236
363 797 125
363 234 407
363 186 474
363 154 361
363 106 251
363 800 359
363 747 462
363 343 229
363 50 225
363 353 167
363 725 450
363 435 358
363 279 587
363 489 297
363 526 303
363 512 400
363 630 501
363 795 359
363 526 305
363 718 184
363 344 349
364 319 228
364 653 500
364 693 183
364 734 427
364 800 101
364 236 385
364 347 494
364 354 582
364 505 315
364 180 499
364 569 543
364 651 235
364 138 445
364 258 110
364 724 454
364 446 338
364 286 564
364 597 361
364 176 348
364 197 597
364 677 106
364 762 367
364 448 545
364 796 384
364 539 462
364 60 142
364 329 370
364 76 228
364 329 370
364 161 339
364 514 295
364 495 393
364 721 130
364 94 270
364 722 130
364 796 383
365 618 351
365 109 200
365 676 499
365 138 467
365 78 293
365 457 317
365 746 129
365 594 538
365 239 361
365 97 241
365 516 467
365 669 182
365 351 605
365 173 324
365 399 162
365 545 417
365 809 80
365 795 409
365 483 325
365 175 519
365 537 293
365 183 622
365 655 109
365 675 233
365 472 386
365 295 226
365 334 513
365 234 110
365 300 546
365 324 389
365 747 349
365 472 543
365 36 141
365 294 227
365 700 449
365 795 409
366 322 536
366 700 232
366 449 379
366 628 109
366 677 440
366 271 225
366 568 424
366 732 331
366 422 160
366 147 488
366 494 469
366 213 115
366 14 139
366 699 511
366 460 332
366 813 56
366 560 290
366 797 431
366 70 316
366 171 543
366 750 107
366 765 392
366 634 333
366 616 538
366 495 541
366 101 267
366 173 297
366 242 337
366 320 415
366 646 181
366 353 629
366 127 220
366 785 429
366 125 219
366 173 298
366 468 298
367 750 83
367 142 236
367 482 278
367 639 535
367 248 225
367 606 110
367 781 449
367 316 437
367 166 274
367 622 180
367 202 137
367 654 433
367 987 243
367 817 32
367 798 455
367 75 339
367 719 522
367 723 230
367 318 558
367 105 289
367 470 473
367 593 430
367 518 540
367 438 345
367 344 527
367 243 314
367 425 372
367 777 375
367 714 312
367 162 568
367 642 313
367 162 504
367 778 375
367 180 268
367 244 314
367 446 160
368 664 532
368 190 160
368 105 310
368 443 476
368 315 581
368 497 259
368 181 520
368 609 288
368 750 59
368 700 294
368 471 157
368 265 307
368 243 247
368 748 229
368 542 537
368 310 461
368 816 8
368 162 255
368 741 533
368 614 437
368 795 357
368 158 590
368 416 353
368 191 244
368 783 634
368 72 359
368 584 112
368 404 366
368 776 472
368 797 481
368 632 426
368 357 631
368 961 245
368 161 252
368 632 428
368 842 633
369 196 223
369 175 272
369 148 237
369 609 420
369 798 504
369 939 249
369 663 269
369 632 285
369 511 240
369 496 156
369 558 114
369 338 613
369 745 17
369 199 537
369 775 613
369 107 334
369 385 506
369 567 534
369 420 479
369 379 360
369 638 445
369 288 306
369 396 364
369 759 543
369 177 182
369 683 275
369 307 484
369 177 182
369 314 609
369 813 340
369 573 180
369 75 383
369 748 35
369 153 614
369 773 227
369 237 272
369 768 490
369 688 530
369 306 484
369 841 607
370 74 410
370 760 566
370 535 115
370 590 533
370 302 508
370 656 456
370 404 497
370 204 203
370 914 249
370 526 221
370 398 482
370 164 200
370 313 304
370 797 527
370 215 546
370 372 376
370 756 11
370 710 527
370 128 225
370 586 413
370 842 583
370 673 248
370 231 292
370 759 594
370 745 493
370 739 41
370 830 323
370 323 598
370 357 352
370 305 625
370 314 631
370 519 155
370 796 226
370 113 360
370 324 598
370 762 593
371 847 310
371 90 618
371 544 153
371 113 385
371 299 532
371 529 186
371 155 220
371 735 67
371 652 258
371 304 582
371 683 225
371 349 384
371 225 317
371 107 214
371 884 628
371 512 115
371 429 486
371 895 253
371 759 593
371 373 486
371 562 406
371 613 532
371 70 434
371 210 179
371 721 497
371 798 553
371 823 224
371 678 293
371 549 219
371 237 562
371 843 560
371 747 576
371 206 305
371 208 307
371 734 525
371 238 561
372 567 151
372 573 219
372 509 200
372 450 476
372 69 459
372 143 243
372 638 528
372 221 323
372 540 399
372 117 411
372 694 205
372 627 257
372 259 574
372 988 145
372 842 535
372 159 619
372 351 488
372 690 488
372 798 576
372 321 327
372 732 556
372 361 300
372 730 89
372 225 339
372 698 308
372 86 200
372 695 499
372 871 269
372 760 616
372 220 158
372 286 565
372 869 608
372 297 619
372 89 595
372 330 394
372 871 306
373 715 538
373 603 257
373 663 527
373 853 588
373 751 480
373 132 264
373 672 502
373 384 299
373 598 217
373 704 183
373 710 502
373 842 510
373 306 307
373 868 222
373 463 118
373 717 319
373 121 433
373 592 149
373 290 582
373 66 188
373 854 280
373 214 362
373 724 112
373 73 484
373 163 596
373 90 572
373 242 635
373 799 601
373 270 554
373 897 306
373 240 341
373 270 553
373 490 213
373 896 306
373 472 467
373 961 144
374 249 541
374 469 226
374 494 455
374 268 156
374 302 496
374 843 485
374 759 458
374 439 120
374 408 298
374 800 625
374 729 519
374 940 142
374 45 173
374 737 333
374 919 303
374 120 284
374 165 572
374 836 569
374 649 507
374 622 215
374 615 148
374 253 617
374 890 220
374 293 598
374 832 292
374 492 385
374 122 455
374 580 256
374 691 526
374 579 256
374 73 508
374 720 134
374 257 359
374 289 289
374 717 137
374 890 219
375 108 305
375 279 612
375 706 534
375 812 305
375 645 215
375 910 143
375 843 462
375 556 256
375 278 499
375 639 146
375 517 446
375 291 154
375 765 434
375 756 347
375 273 272
375 126 476
375 23 174
375 756 12
375 449 240
375 470 378
375 822 550
375 370 625
375 204 410
375 167 544
375 716 138
375 415 121
375 681 511
375 624 509
375 91 522
375 748 535
375 228 528
375 942 301
375 433 296
375 944 301
375 271 374
375 713 160
375 227 528
376 93 498
376 966 299
376 208 515
376 449 372
376 255 501
376 776 361
376 435 258
376 296 382
376 843 439
376 774 412
376 757 36
376 601 513
376 658 510
376 537 436
376 262 453
376 729 546
376 141 491
376 98 325
376 793 318
376 238 626
376 198 434
376 316 153
376 765 549
376 257 254
376 532 255
376 707 183
376 722 114
376 662 144
376 456 294
376 303 611
376 13 111
376 74 551
376 892 141
376 391 120
376 808 534
376 938 222
376 11 171
376 370 602
376 14 108
377 687 142
377 338 149
377 783 392
377 559 425
377 86 347
377 749 555
377 193 457
377 242 236
377 866 139
377 246 471
377 754 60
377 231 505
377 367 124
377 374 578
377 842 415
377 324 605
377 420 277
377 773 332
377 579 516
377 791 515
377 990 297
377 71 579
377 729 90
377 157 508
377 696 211
377 693 211
377 633 506
377 963 227
377 319 389
377 795 375
377 508 254
377 783 565
377 174 503
377 198 505
377 423 365
377 245 603
377 95 476
377 425 364
378 57 112
378 776 497
378 695 230
378 734 64
378 405 295
378 985 226
378 842 140
378 709 141
378 609 504
378 843 391
378 349 605
378 771 568
378 401 357
378 95 451
378 552 521
378 86 370
378 176 478
378 342 125
378 483 253
378 363 147
378 251 579
378 751 344
378 181 527
378 718 210
378 581 414
378 343 395
378 805 375
378 235 493
378 175 480
378 342 395
378 505 290
378 73 602
378 225 219
378 224 525
378 809 389
378 192 476
379 586 501
379 529 524
379 742 209
379 774 588
379 376 530
379 603 405
379 816 356
379 755 489
379 188 452
379 388 147
379 812 413
379 210 201
379 391 314
379 678 243
379 70 623
379 528 288
379 718 18
379 796 607
379 362 625
379 84 395
379 225 513
379 184 505
379 374 607
379 729 55
379 81 114
379 225 550
379 366 402
379 380 350
379 262 562
379 459 253
379 820 138
379 736 43
379 191 452
379 261 563
379 821 138
379 182 455
380 411 145
380 734 384
380 812 437
380 350 608
380 553 286
380 822 348
380 210 531
380 396 599
380 436 252
380 390 409
380 805 613
380 296 127
380 365 332
380 561 497
380 656 252
380 96 404
380 686 64
380 193 183
380 744 21
380 625 395
380 101 125
380 79 420
380 184 428
380 284 551
380 210 555
380 377 504
380 225 572
380 506 527
380 756 137
380 796 138
380 376 335
380 766 207
380 732 482
380 834 338
380 798 636
380 377 504
380 795 136
381 185 405
381 207 556
381 813 461
381 349 314
381 709 476
381 664 65
381 305 542
381 848 321
381 379 483
381 436 143
381 271 128
381 420 596
381 537 495
381 224 600
381 177 165
381 788 205
381 411 415
381 102 381
381 731 408
381 411 252
381 647 385
381 782 137
381 115 141
381 576 284
381 364 353
381 710 67
381 775 636
381 332 592
381 482 533
381 635 262
381 807 334
381 767 139
381 235 560
381 635 262
381 791 593
381 86 442
382 706 91
382 514 492
382 726 432
382 349 373
382 328 532
382 670 376
382 165 575
382 257 574
382 459 142
382 436 422
382 387 251
382 786 115
382 225 619
382 866 305
382 791 312
382 314 576
382 184 379
382 640 67
382 390 463
382 457 533
382 162 148
382 614 273
382 133 160
382 444 596
382 746 136
382 84 467
382 812 205
382 204 579
382 776 575
382 188 383
382 603 280
382 110 357
382 685 468
382 811 485
382 761 20
382 331 298
383 484 141
383 760 556
383 317 279
383 223 130
383 457 429
383 402 441
383 364 251
383 883 288
383 777 296
383 837 203
383 298 559
383 147 176
383 182 357
383 434 536
383 663 462
383 469 591
383 140 133
383 160 599
383 489 490
383 86 488
383 723 456
383 788 94
383 616 69
383 624 281
383 701 115
383 116 334
383 690 365
383 276 587
383 788 93
383 813 509
383 721 135
383 334 393
383 814 510
383 201 596
383 192 354
383 591 283
384 698 135
384 202 134
384 860 202
384 718 480
384 506 139
384 592 71
384 163 193
384 281 610
384 179 333
384 88 513
384 904 284
384 412 539
384 328 414
384 235 630
384 301 260
384 813 533
384 492 589
384 155 620
384 761 278
384 413 419
384 569 292
384 125 311
384 372 511
384 467 486
384 194 333
384 646 283
384 698 342
384 639 455
384 746 538
384 339 249
384 482 435
384 148 135
384 638 455
384 481 434
384 788 67
384 645 283
385 259 532
385 814 556
385 568 72
385 191 154
385 443 485
385 393 501
385 177 307
385 745 259
385 675 134
385 729 518
385 386 543
385 616 448
385 182 213
385 504 442
385 11 134
385 283 243
385 708 321
385 83 538
385 131 289
385 929 281
385 790 44
385 425 398
385 324 436
385 515 588
385 885 202
385 234 605
385 315 250
385 666 297
385 531 137
385 698 486
385 196 310
385 98 130
385 698 485
385 692 161
385 282 632
385 9 208
386 686 184
386 539 585
386 672 488
386 196 230
386 715 502
386 686 311
386 269 224
386 855 624
386 436 377
386 140 265
386 527 313
386 554 136
386 907 204
386 319 461
386 22 210
386 364 546
386 174 286
386 199 287
386 180 176
386 527 448
386 85 562
386 730 241
386 720 301
386 544 72
386 415 490
386 73 128
386 954 281
386 366 636
386 417 482
386 788 20
386 234 578
386 239 521
386 652 133
386 813 581
386 292 250
386 235 579
387 815 606
387 145 237
387 170 260
387 504 324
387 394 479
387 649 491
387 437 482
387 730 278
387 570 434
387 855 601
387 976 279
387 680 207
387 166 197
387 563 583
387 267 250
387 933 206
387 579 134
387 714 222
387 625 133
387 976 238
387 706 324
387 82 589
387 519 75
387 447 356
387 252 208
387 314 484
387 550 457
387 207 258
387 49 226
387 368 608
387 56 136
387 692 499
387 221 509
387 239 560
387 341 549
387 54 134
388 668 497
388 237 190
388 368 584
388 725 338
388 547 429
388 374 481
388 496 75
388 815 630
388 741 257
388 459 471
388 308 506
388 572 462
388 458 336
388 83 613
388 588 579
388 698 205
388 244 250
388 207 244
388 950 238
388 482 333
388 24 126
388 675 231
388 78 137
388 230 264
388 957 207
388 604 131
388 856 576
388 158 243
388 995 210
388 318 555
388 626 495
388 992 274
388 205 495
388 155 218
388 237 261
388 70 229
388 262 561
389 611 577
389 361 501
389 602 497
389 306 531
389 677 200
389 752 235
389 929 240
389 855 553
389 644 494
389 245 282
389 472 76
389 159 197
389 584 145
389 286 557
389 669 255
389 142 238
389 977 211
389 628 130
389 480 461
389 472 316
389 594 468
389 227 255
389 9 124
389 202 470
389 93 147
389 91 229
389 232 242
389 220 171
389 84 635
389 220 171
389 374 565
389 110 192
389 745 351
389 523 421
389 525 420
389 595 468
390 565 160
390 255 240
390 503 451
390 578 500
390 221 280
390 262 301
390 397 563
390 502 414
390 200 446
390 663 277
390 131 260
390 948 206
390 635 574
390 205 155
390 764 365
390 856 528
390 169 177
390 619 475
390 651 129
390 222 634
390 448 78
390 763 214
390 905 243
390 441 353
390 652 199
390 111 224
390 617 490
390 347 520
390 112 170
390 485 297
390 904 243
390 486 297
390 269 560
390 619 492
390 114 232
390 204 153
391 856 504
391 422 562
391 883 246
391 500 278
391 596 488
391 279 238
391 629 198
391 122 282
391 674 128
391 297 578
391 545 171
391 785 379
391 187 167
391 641 482
391 335 544
391 660 572
391 424 79
391 339 554
391 477 407
391 229 618
391 417 364
391 925 207
391 374 630
391 524 441
391 197 423
391 768 191
391 215 304
391 102 210
391 270 584
391 277 316
391 183 137
391 216 304
391 523 440
391 654 296
391 91 185
391 268 583
392 683 571
392 664 489
392 790 399
392 301 323
392 545 430
392 110 303
392 526 187
392 630 306
392 399 80
392 195 398
392 163 137
392 900 205
392 210 327
392 211 166
392 129 283
392 856 480
392 75 195
392 326 563
392 698 125
392 382 601
392 268 606
392 530 507
392 304 237
392 861 258
392 359 548
392 572 485
392 455 400
392 605 196
392 295 602
392 446 560
392 395 374
392 752 27
392 514 259
392 235 592
392 143 207
392 149 637
393 507 200
393 707 568
393 327 235
393 856 456
393 780 144
393 380 581
393 242 569
393 320 585
393 160 223
393 566 420
393 609 315
393 685 499
393 383 545
393 582 195
393 470 556
393 378 82
393 192 376
393 98 325
393 294 621
393 234 166
393 374 383
393 138 135
393 548 483
393 205 350
393 536 250
393 56 186
393 791 423
393 433 394
393 130 306
393 720 124
393 752 45
393 98 325
393 55 184
393 322 329
393 876 205
393 841 271
394 747 122
394 493 556
394 86 351
394 853 204
394 250 546
394 482 515
394 346 336
394 410 387
394 701 513
394 317 609
394 352 233
394 785 119
394 587 325
394 589 410
394 558 194
394 790 447
394 746 70
394 32 175
394 558 248
394 856 431
394 405 544
394 133 329
394 762 20
394 198 374
394 748 72
394 153 593
394 258 164
394 116 132
394 351 394
394 383 557
394 491 218
394 258 164
394 154 596
394 351 83
394 195 349
394 351 394
395 566 336
395 857 408
395 375 231
395 136 355
395 517 554
395 382 534
395 430 542
395 802 297
395 461 518
395 195 398
395 188 327
395 328 83
395 610 400
395 533 193
395 282 160
395 479 239
395 330 404
395 256 525
395 76 366
395 831 205
395 156 569
395 13 177
395 500 478
395 792 471
395 316 632
395 369 343
395 744 91
395 386 380
395 192 260
395 721 528
395 583 247
395 91 129
395 769 45
395 720 527
395 791 100
395 774 121
396 791 496
396 509 192
396 210 277
396 739 118
396 736 509
396 366 372
396 392 349
396 304 84
396 856 384
396 606 246
396 754 59
396 185 303
396 387 509
396 188 421
396 806 203
396 544 347
396 465 257
396 76 390
396 796 75
396 68 129
396 278 514
396 138 377
396 159 547
396 400 229
396 739 545
396 159 548
396 802 121
396 97 611
396 449 540
396 479 476
396 782 309
396 542 552
396 631 391
396 782 310
396 401 229
396 309 414
397 758 561
397 811 110
397 184 442
397 299 503
397 330 156
397 76 413
397 804 52
397 453 471
397 728 61
397 292 431
397 182 278
397 744 486
397 416 356
397 91 626
397 849 364
397 485 191
397 653 380
397 565 550
397 779 204
397 412 525
397 351 354
397 422 227
397 477 537
397 48 127
397 278 86
397 387 485
397 141 404
397 161 524
397 227 295
397 521 356
397 761 323
397 450 276
397 851 636
397 631 245
397 336 637
397 389 488
398 590 548
398 145 427
398 501 366
398 448 225
398 353 157
398 429 469
398 834 346
398 727 164
398 179 257
398 461 189
398 336 615
398 776 578
398 22 125
398 792 543
398 255 87
398 758 201
398 395 464
398 439 363
398 399 622
398 334 336
398 742 335
398 752 465
398 387 527
398 280 451
398 176 466
398 76 438
398 835 619
398 242 313
398 437 297
398 654 243
398 811 85
398 9 189
398 663 359
398 91 605
398 243 313
398 811 82
399 438 188
399 470 224
399 268 472
399 232 89
399 526 532
399 175 489
399 733 203
399 759 440
399 24 197
399 366 531
399 403 597
399 408 443
399 674 335
399 680 62
399 457 369
399 257 329
399 613 547
399 726 351
399 403 465
399 74 463
399 318 318
399 771 618
399 678 242
399 821 600
399 477 375
399 791 569
399 812 61
399 8 126
399 332 595
399 811 6
399 818 328
399 343 483
399 791 569
399 148 452
399 168 238
399 812 63
399 377 154
